1	71
2	71
3	73
4	72
5	71
6	73
7	73
8	71
9	73
10	73
11	73
12	72
13	73
14	73
15	71
16	73
17	72
18	73
19	72
20	72
21	73
22	72
23	73
24	71
25	72
26	71
27	73
28	73
29	73
30	72
31	73
32	72
33	73
34	71
35	73
36	73
37	71
38	71
39	72
40	71
41	71
42	72
43	71
44	73
45	71
46	71
47	73
48	71
49	72
50	71
51	73
52	71
53	72
54	71
55	72
56	71
57	71
58	71
59	73
60	71
61	73
62	71
63	72
64	73
65	71
66	74
67	71
68	71
69	71
70	71
71	73
72	71
73	73
74	71
75	73
76	71
77	72
78	71
79	71
80	72
81	72
82	72
83	72
84	71
85	72
86	71
87	71
88	71
89	72
90	71
91	71
92	73
93	71
94	73
95	71
96	73
97	72
98	71
99	72
100	73
101	72
102	73
103	73
104	73
105	73
106	73
107	73
108	72
109	73
110	71
111	73
112	73
113	72
114	71
115	71
116	72
117	72
118	73
119	71
120	71
121	72
122	73
123	73
124	72
125	73
126	71
127	73
128	72
129	72
130	72
131	72
132	73
133	73
134	73
135	71
136	72
137	71
138	71
139	73
140	73
141	71
142	71
143	71
144	71
145	73
146	72
147	71
148	72
149	71
150	73
151	73
152	71
153	71
154	73
155	72
156	71
157	71
158	72
159	73
160	71
161	71
162	72
163	72
164	71
165	72
166	73
167	73
168	72
169	71
170	71
171	73
172	72
173	71
174	74
175	72
176	71
177	71
178	73
179	72
180	73
181	71
182	73
183	72
184	71
185	73
186	73
187	71
188	73
189	71
190	72
191	73
192	71
193	71
194	74
195	71
196	73
197	72
198	72
199	73
200	73
201	71
202	73
203	72
204	73
205	71
206	72
207	73
208	72
209	73
210	73
211	73
212	71
213	71
214	71
215	73
216	71
217	71
218	71
219	73
220	71
221	71
222	71
223	71
224	73
225	73
226	73
227	71
228	71
229	74
230	72
231	72
232	71
233	71
234	73
235	72
236	73
237	72
238	71
239	71
240	71
241	72
242	71
243	71
244	72
245	71
246	73
247	71
248	71
249	72
250	71
251	72
252	73
253	71
254	72
255	72
256	73
257	74
258	72
259	73
260	73
261	72
262	71
263	74
264	71
265	72
266	71
267	74
268	72
269	73
270	72
271	73
272	72
273	73
274	71
275	73
276	71
277	71
278	71
279	73
280	71
281	72
282	72
283	73
284	72
285	72
286	73
287	73
288	71
289	73
290	72
291	72
292	73
293	71
294	73
295	73
296	71
297	73
298	72
299	73
300	72
301	73
302	72
303	73
304	72
305	71
306	71
307	72
308	71
309	73
310	73
311	73
312	73
313	71
314	73
315	71
316	73
317	71
318	72
319	73
320	71
321	73
322	73
323	74
324	72
325	72
326	71
327	73
328	72
329	71
330	73
331	71
332	71
333	73
334	73
335	73
336	71
337	73
338	72
339	71
340	71
341	72
342	71
343	71
344	73
345	73
346	72
347	72
348	72
349	73
350	72
351	71
352	72
353	71
354	71
355	73
356	71
357	72
358	72
359	72
360	72
361	72
362	72
363	71
364	71
365	73
366	72
367	74
368	71
369	71
370	74
371	72
372	71
373	71
374	72
375	71
376	73
377	71
378	71
379	72
380	73
381	71
382	72
383	73
384	73
385	73
386	72
387	74
388	72
389	71
390	72
391	72
392	71
393	71
394	71
395	71
396	73
397	72
398	71
399	73
400	71
401	71
402	72
403	73
404	73
405	73
406	73
407	74
408	71
409	71
410	73
411	73
412	72
413	72
414	72
415	71
416	71
417	73
418	73
419	72
420	71
421	71
422	73
423	73
424	71
425	72
426	72
427	73
428	72
429	73
430	71
431	71
432	71
433	73
434	73
435	71
436	74
437	72
438	71
439	71
440	72
441	72
442	72
443	71
444	71
445	72
446	72
447	73
448	72
449	71
450	72
451	71
452	72
453	71
454	71
455	71
456	72
457	71
458	72
459	73
460	71
461	71
462	71
463	71
464	73
465	73
466	72
467	72
468	72
469	72
470	71
471	73
472	71
473	71
474	71
475	71
476	74
477	72
478	72
479	72
480	73
481	71
482	71
483	72
484	73
485	73
486	72
487	71
488	74
489	71
490	71
491	72
492	71
493	73
494	73
495	73
496	72
497	71
498	71
499	72
500	71
501	73
502	72
503	72
504	71
505	73
506	72
507	72
508	71
509	72
510	73
511	73
512	72
513	73
514	71
515	71
516	72
517	73
518	71
519	73
520	72
521	73
522	71
523	71
524	73
525	72
526	72
527	71
528	72
529	73
530	73
531	71
532	73
533	73
534	71
535	71
536	71
537	71
538	72
539	72
540	72
541	73
542	73
543	72
544	71
545	73
546	71
547	71
548	73
549	71
550	73
551	71
552	73
553	72
554	73
555	71
556	73
557	71
558	73
559	72
560	72
561	73
562	73
563	71
564	71
565	73
566	72
567	72
568	71
569	72
570	71
571	71
572	73
573	71
574	71
575	73
576	73
577	72
578	72
579	73
580	71
581	73
582	72
583	71
584	73
585	73
586	72
587	71
588	73
589	72
590	73
591	72
592	72
593	73
594	71
595	71
596	72
597	73
598	72
599	71
600	72
601	71
602	72
603	71
604	72
605	71
606	74
607	73
608	71
609	72
610	74
611	72
612	72
613	72
614	72
615	71
616	71
617	73
618	71
619	72
620	73
621	72
622	71
623	73
624	72
625	72
626	71
627	74
628	73
629	71
630	71
631	71
632	72
633	72
634	72
635	72
636	74
637	73
638	72
639	73
640	71
641	71
642	71
643	73
644	71
645	71
646	73
647	73
648	71
649	74
650	71
651	72
652	73
653	73
654	73
655	71
656	73
657	73
658	73
659	71
660	71
661	72
662	73
663	73
664	71
665	71
666	72
667	72
668	73
669	71
670	71
671	73
672	71
673	73
674	71
675	73
676	73
677	71
678	73
679	71
680	72
681	73
682	72
683	72
684	72
685	73
686	73
687	73
688	72
689	72
690	73
691	72
692	73
693	73
694	71
695	73
696	74
697	73
698	72
699	71
700	71
701	71
702	71
703	71
704	73
705	73
706	71
707	73
708	71
709	73
710	71
711	71
712	74
713	71
714	73
715	73
716	72
717	71
718	72
719	72
720	71
721	73
722	71
723	73
724	72
725	71
726	71
727	71
728	73
729	73
730	71
731	71
732	72
733	71
734	73
735	71
736	73
737	72
738	71
739	73
740	71
741	71
742	72
743	72
744	73
745	71
746	74
747	72
748	71
749	71
750	72
751	71
752	71
753	72
754	71
755	71
756	71
757	71
758	73
759	72
760	71
761	71
762	73
763	73
764	73
765	73
766	73
767	72
768	73
769	71
770	71
771	73
772	73
773	72
774	72
775	73
776	72
777	71
778	73
779	71
780	72
781	72
782	72
783	73
784	74
785	73
786	71
787	72
788	73
789	73
790	71
791	73
792	71
793	72
794	71
795	72
796	72
797	72
798	71
799	72
800	73
801	72
802	72
803	71
804	71
805	73
806	73
807	73
808	73
809	71
810	73
811	73
812	72
813	73
814	71
815	71
816	71
817	73
818	73
819	73
820	72
821	73
822	73
823	72
824	73
825	72
826	71
827	72
828	71
829	72
830	72
831	71
832	71
833	72
834	73
835	72
836	71
837	72
838	73
839	72
840	73
841	72
842	74
843	71
844	73
845	71
846	73
847	71
848	73
849	73
850	71
851	72
852	71
853	72
854	71
855	73
856	71
857	71
858	72
859	71
860	73
861	73
862	73
863	71
864	71
865	71
866	71
867	73
868	71
869	73
870	73
871	71
872	71
873	73
874	71
875	72
876	72
877	71
878	71
879	73
880	72
881	71
882	72
883	72
884	73
885	71
886	71
887	73
888	72
889	72
890	74
891	73
892	71
893	72
894	72
895	72
896	71
897	73
898	71
899	72
900	71
901	72
902	73
903	73
904	73
905	71
906	73
907	71
908	72
909	73
910	72
911	72
912	73
913	73
914	72
915	72
916	72
917	73
918	71
919	72
920	71
921	73
922	71
923	71
924	73
925	73
926	74
927	72
928	71
929	71
930	71
931	71
932	71
933	73
934	71
935	71
936	73
937	71
938	74
939	72
940	71
941	71
942	71
943	71
944	72
945	73
946	73
947	73
948	71
949	73
950	73
951	71
952	73
953	71
954	72
955	73
956	73
957	71
958	72
959	72
960	72
961	73
962	72
963	71
964	72
965	72
966	72
967	73
968	71
969	71
970	73
971	71
972	73
973	73
974	71
975	73
976	72
977	71
978	74
979	71
980	71
981	71
982	73
983	71
984	71
985	71
986	73
987	71
988	71
989	71
990	72
991	72
992	72
993	72
994	73
995	72
996	72
997	72
998	73
999	71
1000	73
1001	72
1002	72
1003	73
1004	72
1005	71
1006	72
1007	71
1008	72
1009	72
1010	73
1011	72
1012	71
1013	71
1014	71
1015	71
1016	72
1017	72
1018	71
1019	73
1020	71
1021	71
1022	71
1023	73
1024	73
1025	73
1026	71
1027	71
1028	71
1029	71
1030	72
1031	72
1032	73
1033	74
1034	73
1035	71
1036	71
1037	72
1038	71
1039	73
1040	71
1041	73
1042	73
1043	73
1044	72
1045	71
1046	71
1047	71
1048	71
1049	72
1050	71
1051	72
1052	71
1053	71
1054	73
1055	72
1056	73
1057	74
1058	72
1059	73
1060	72
1061	71
1062	71
1063	73
1064	73
1065	72
1066	71
1067	73
1068	72
1069	72
1070	72
1071	72
1072	74
1073	72
1074	71
1075	73
1076	72
1077	73
1078	71
1079	72
1080	71
1081	71
1082	72
1083	71
1084	71
1085	73
1086	73
1087	73
1088	71
1089	72
1090	71
1091	71
1092	72
1093	73
1094	73
1095	72
1096	72
1097	72
1098	72
1099	72
1100	71
1101	71
1102	73
1103	71
1104	73
1105	73
1106	72
1107	72
1108	71
1109	73
1110	73
1111	72
1112	73
1113	73
1114	73
1115	71
1116	71
1117	71
1118	72
1119	71
1120	72
1121	72
1122	71
1123	73
1124	73
1125	73
1126	74
1127	71
1128	71
1129	74
1130	71
1131	71
1132	71
1133	71
1134	71
1135	72
1136	72
1137	72
1138	72
1139	72
1140	72
1141	73
1142	72
1143	71
1144	73
1145	71
1146	72
1147	72
1148	71
1149	71
1150	72
1151	72
1152	74
1153	72
1154	71
1155	72
1156	73
1157	72
1158	73
1159	73
1160	71
1161	72
1162	73
1163	73
1164	71
1165	73
1166	72
1167	73
1168	73
1169	73
1170	72
1171	72
1172	72
1173	73
1174	71
1175	72
1176	72
1177	71
1178	71
1179	72
1180	71
1181	72
1182	71
1183	73
1184	73
1185	73
1186	71
1187	73
1188	73
1189	72
1190	72
1191	72
1192	72
1193	71
1194	71
1195	71
1196	72
1197	71
1198	73
1199	71
1200	73
1201	71
1202	73
1203	73
1204	72
1205	73
1206	71
1207	71
1208	72
1209	72
1210	73
1211	73
1212	72
1213	71
1214	71
1215	71
1216	73
1217	73
1218	71
1219	71
1220	73
1221	74
1222	72
1223	73
1224	72
1225	72
1226	71
1227	73
1228	71
1229	71
1230	73
1231	73
1232	73
1233	73
1234	72
1235	72
1236	73
1237	72
1238	72
1239	71
1240	72
1241	71
1242	72
1243	73
1244	72
1245	71
1246	72
1247	73
1248	71
1249	72
1250	73
1251	71
1252	71
1253	71
1254	71
1255	73
1256	72
1257	72
1258	71
1259	71
1260	72
1261	72
1262	72
1263	72
1264	73
1265	72
1266	72
1267	73
1268	72
1269	71
1270	72
1271	72
1272	71
1273	72
1274	74
1275	71
1276	72
1277	73
1278	73
1279	71
1280	72
1281	72
1282	71
1283	71
1284	73
1285	73
1286	73
1287	71
1288	73
1289	73
1290	72
1291	73
1292	72
1293	71
1294	71
1295	71
1296	71
1297	73
1298	73
1299	74
1300	71
1301	73
1302	71
1303	73
1304	71
1305	71
1306	73
1307	73
1308	73
1309	72
1310	73
1311	73
1312	73
1313	71
1314	73
1315	72
1316	71
1317	71
1318	71
1319	73
1320	71
1321	71
1322	73
1323	71
1324	72
1325	71
1326	71
1327	73
1328	73
1329	72
1330	73
1331	73
1332	72
1333	72
1334	73
1335	73
1336	73
1337	73
1338	72
1339	71
1340	71
1341	73
1342	73
1343	71
1344	72
1345	71
1346	72
1347	71
1348	71
1349	72
1350	72
1351	72
1352	71
1353	71
1354	71
1355	72
1356	72
1357	71
1358	71
1359	73
1360	72
1361	71
1362	71
1363	71
1364	71
1365	73
1366	71
1367	73
1368	72
1369	72
1370	71
1371	71
1372	72
1373	71
1374	73
1375	72
1376	71
1377	73
1378	73
1379	73
1380	72
1381	71
1382	71
1383	71
1384	72
1385	71
1386	72
1387	71
1388	72
1389	71
1390	72
1391	73
1392	73
1393	71
1394	72
1395	73
1396	73
1397	72
1398	72
1399	73
1400	72
1401	73
1402	73
1403	72
1404	73
1405	73
1406	72
1407	73
1408	72
1409	71
1410	71
1411	73
1412	73
1413	73
1414	73
1415	73
1416	72
1417	71
1418	72
1419	73
1420	72
1421	72
1422	71
1423	72
1424	71
1425	73
1426	72
1427	73
1428	71
1429	72
1430	73
1431	71
1432	71
1433	72
1434	71
1435	71
1436	73
1437	72
1438	71
1439	71
1440	73
1441	71
1442	73
1443	72
1444	73
1445	71
1446	73
1447	73
1448	72
1449	72
1450	72
1451	72
1452	72
1453	71
1454	72
1455	71
1456	73
1457	73
1458	71
1459	73
1460	73
1461	71
1462	73
1463	72
1464	72
1465	72
1466	73
1467	73
1468	71
1469	73
1470	72
1471	73
1472	71
1473	71
1474	72
1475	72
1476	71
1477	73
1478	73
1479	71
1480	72
1481	73
1482	74
1483	72
1484	71
1485	73
1486	73
1487	73
1488	72
1489	74
1490	72
1491	71
1492	73
1493	73
1494	73
1495	71
1496	72
1497	71
1498	72
1499	73
1500	72
1501	73
1502	71
1503	74
1504	72
1505	72
1506	72
1507	71
1508	71
1509	73
1510	73
1511	71
1512	71
1513	73
1514	73
1515	71
1516	73
1517	72
1518	72
1519	73
1520	71
1521	72
1522	72
1523	73
1524	73
1525	72
1526	71
1527	72
1528	71
1529	72
1530	72
1531	73
1532	72
1533	71
1534	72
1535	73
1536	71
1537	71
1538	73
1539	71
1540	73
1541	71
1542	72
1543	72
1544	71
1545	72
1546	73
1547	72
1548	72
1549	73
1550	72
1551	73
1552	72
1553	72
1554	72
1555	73
1556	72
1557	72
1558	71
1559	73
1560	73
1561	72
1562	73
1563	72
1564	71
1565	73
1566	73
1567	72
1568	73
1569	73
1570	71
1571	74
1572	73
1573	73
1574	71
1575	73
1576	71
1577	72
1578	72
1579	72
1580	71
1581	73
1582	73
1583	71
1584	73
1585	71
1586	72
1587	71
1588	73
1589	72
1590	73
1591	71
1592	73
1593	73
1594	72
1595	72
1596	71
1597	73
1598	73
1599	73
1600	73
1601	73
1602	71
1603	72
1604	72
1605	73
1606	71
1607	72
1608	72
1609	72
1610	73
1611	71
1612	73
1613	71
1614	72
1615	73
1616	71
1617	73
1618	72
1619	73
1620	71
1621	73
1622	72
1623	72
1624	73
1625	72
1626	72
1627	72
1628	71
1629	72
1630	72
1631	72
1632	72
1633	73
1634	72
1635	72
1636	71
1637	73
1638	74
1639	71
1640	73
1641	71
1642	72
1643	73
1644	72
1645	72
1646	72
1647	73
1648	72
1649	72
1650	71
1651	72
1652	73
1653	74
1654	73
1655	73
1656	73
1657	72
1658	71
1659	73
1660	71
1661	72
1662	73
1663	74
1664	73
1665	73
1666	71
1667	71
1668	72
1669	71
1670	73
1671	72
1672	73
1673	71
1674	73
1675	72
1676	73
1677	71
1678	73
1679	71
1680	71
1681	71
1682	71
1683	72
1684	72
1685	71
1686	71
1687	72
1688	73
1689	73
1690	73
1691	73
1692	72
1693	71
1694	71
1695	74
1696	71
1697	73
1698	73
1699	72
1700	72
1701	71
1702	71
1703	73
1704	71
1705	71
1706	73
1707	73
1708	71
1709	73
1710	71
1711	73
1712	72
1713	71
1714	73
1715	72
1716	71
1717	73
1718	73
1719	72
1720	73
1721	72
1722	73
1723	73
1724	72
1725	71
1726	73
1727	73
1728	73
1729	71
1730	72
1731	72
1732	73
1733	71
1734	71
1735	71
1736	73
1737	71
1738	73
1739	71
1740	73
1741	72
1742	72
1743	71
1744	72
1745	71
1746	72
1747	71
1748	71
1749	71
1750	71
1751	73
1752	72
1753	72
1754	71
1755	71
1756	72
1757	74
1758	73
1759	71
1760	72
1761	71
1762	73
1763	72
1764	72
1765	73
1766	71
1767	72
1768	71
1769	71
1770	72
1771	73
1772	72
1773	73
1774	73
1775	73
1776	72
1777	72
1778	73
1779	72
1780	72
1781	71
1782	71
1783	73
1784	72
1785	72
1786	71
1787	72
1788	73
1789	73
1790	73
1791	73
1792	71
1793	72
1794	73
1795	73
1796	72
1797	73
1798	74
1799	73
1800	73
1801	72
1802	72
1803	72
1804	73
1805	71
1806	72
1807	72
1808	73
1809	71
1810	71
1811	71
1812	71
1813	71
1814	72
1815	73
1816	73
1817	71
1818	73
1819	72
1820	71
1821	71
1822	71
1823	72
1824	73
1825	71
1826	71
1827	73
1828	73
1829	72
1830	73
1831	73
1832	71
1833	73
1834	71
1835	71
1836	73
1837	72
1838	72
1839	73
1840	71
1841	72
1842	71
1843	73
1844	72
1845	72
1846	72
1847	72
1848	71
1849	71
1850	71
1851	71
1852	71
1853	71
1854	73
1855	71
1856	73
1857	72
1858	73
1859	72
1860	72
1861	71
1862	73
1863	73
1864	71
1865	72
1866	73
1867	73
1868	72
1869	73
1870	71
1871	71
1872	72
1873	71
1874	72
1875	73
1876	73
1877	72
1878	72
1879	71
1880	72
1881	71
1882	71
1883	71
1884	73
1885	71
1886	72
1887	72
1888	73
1889	71
1890	72
1891	72
1892	71
1893	71
1894	72
1895	72
1896	71
1897	73
1898	73
1899	72
1900	73
1901	71
1902	71
1903	73
1904	71
1905	73
1906	74
1907	72
1908	71
1909	72
1910	73
1911	71
1912	72
1913	73
1914	73
1915	72
1916	71
1917	71
1918	72
1919	71
1920	72
1921	72
1922	73
1923	73
1924	72
1925	71
1926	71
1927	71
1928	72
1929	71
1930	73
1931	72
1932	71
1933	73
1934	72
1935	73
1936	72
1937	72
1938	72
1939	73
1940	71
1941	72
1942	72
1943	73
1944	71
1945	72
1946	71
1947	73
1948	72
1949	73
1950	72
1951	71
1952	71
1953	72
1954	73
1955	72
1956	71
1957	72
1958	73
1959	72
1960	73
1961	71
1962	73
1963	73
1964	73
1965	71
1966	73
1967	72
1968	73
1969	73
1970	71
1971	73
1972	71
1973	73
1974	71
1975	71
1976	74
1977	71
1978	72
1979	71
1980	71
1981	73
1982	72
1983	73
1984	73
1985	73
1986	71
1987	71
1988	73
1989	72
1990	73
1991	72
1992	71
1993	71
1994	71
1995	72
1996	71
1997	73
1998	72
1999	71
2000	73
2001	72
2002	73
2003	71
2004	71
2005	73
2006	71
2007	72
2008	73
2009	71
2010	73
2011	72
2012	72
2013	73
2014	72
2015	71
2016	72
2017	71
2018	73
2019	72
2020	73
2021	72
2022	73
2023	73
2024	72
2025	71
2026	72
2027	74
2028	73
2029	73
2030	73
2031	72
2032	73
2033	72
2034	71
2035	73
2036	73
2037	72
2038	73
2039	73
2040	73
2041	71
2042	72
2043	72
2044	72
2045	71
2046	71
2047	71
2048	73
2049	71
2050	73
2051	71
2052	71
2053	72
2054	73
2055	73
2056	72
2057	73
2058	73
2059	71
2060	71
2061	72
2062	71
2063	73
2064	71
2065	71
2066	71
2067	71
2068	73
2069	73
2070	72
2071	72
2072	74
2073	73
2074	73
2075	72
2076	71
2077	71
2078	73
2079	71
2080	72
2081	73
2082	72
2083	74
2084	71
2085	71
2086	73
2087	73
2088	72
2089	71
2090	71
2091	71
2092	73
2093	72
2094	73
2095	72
2096	71
2097	72
2098	71
2099	72
2100	72
2101	71
2102	71
2103	73
2104	73
2105	71
2106	72
2107	73
2108	72
2109	71
2110	72
2111	73
2112	72
2113	72
2114	71
2115	72
2116	73
2117	72
2118	71
2119	72
2120	72
2121	72
2122	71
2123	72
2124	73
2125	73
2126	72
2127	73
2128	74
2129	71
2130	71
2131	71
2132	71
2133	73
2134	72
2135	72
2136	72
2137	73
2138	72
2139	71
2140	72
2141	73
2142	71
2143	71
2144	71
2145	71
2146	72
2147	73
2148	73
2149	73
2150	71
2151	73
2152	73
2153	71
2154	71
2155	71
2156	71
2157	73
2158	73
2159	71
2160	73
2161	71
2162	72
2163	72
2164	72
2165	72
2166	71
2167	71
2168	72
2169	73
2170	72
2171	72
2172	72
2173	71
2174	72
2175	71
2176	71
2177	73
2178	71
2179	73
2180	71
2181	72
2182	73
2183	72
2184	73
2185	72
2186	73
2187	71
2188	73
2189	72
2190	71
2191	72
2192	72
2193	73
2194	72
2195	73
2196	71
2197	71
2198	73
2199	72
2200	72
2201	72
2202	73
2203	73
2204	72
2205	71
2206	73
2207	74
2208	72
2209	71
2210	71
2211	74
2212	72
2213	71
2214	72
2215	71
2216	71
2217	72
2218	71
2219	72
2220	72
2221	72
2222	73
2223	72
2224	72
2225	73
2226	73
2227	73
2228	73
2229	71
2230	71
2231	72
2232	71
2233	73
2234	73
2235	73
2236	71
2237	71
2238	72
2239	71
2240	73
2241	71
2242	71
2243	71
2244	73
2245	72
2246	72
2247	71
2248	73
2249	71
2250	73
2251	71
2252	74
2253	73
2254	73
2255	72
2256	71
2257	72
2258	71
2259	71
2260	73
2261	71
2262	73
2263	71
2264	73
2265	73
2266	73
2267	71
2268	71
2269	71
2270	73
2271	72
2272	71
2273	72
2274	72
2275	72
2276	72
2277	73
2278	72
2279	71
2280	73
2281	71
2282	72
2283	71
2284	71
2285	73
2286	71
2287	73
2288	71
2289	73
2290	72
2291	71
2292	72
2293	72
2294	71
2295	73
2296	73
2297	72
2298	72
2299	73
2300	72
2301	73
2302	72
2303	72
2304	73
2305	73
2306	71
2307	72
2308	71
2309	71
2310	73
2311	73
2312	73
2313	71
2314	71
2315	71
2316	72
2317	72
2318	72
2319	73
2320	71
2321	71
2322	73
2323	73
2324	73
2325	73
2326	72
2327	73
2328	73
2329	73
2330	73
2331	73
2332	72
2333	71
2334	73
2335	73
2336	72
2337	73
2338	72
2339	72
2340	73
2341	73
2342	73
2343	71
2344	73
2345	71
2346	72
2347	73
2348	74
2349	73
2350	71
2351	71
2352	72
2353	73
2354	71
2355	73
2356	73
2357	71
2358	72
2359	74
2360	71
2361	74
2362	73
2363	72
2364	73
2365	74
2366	72
2367	71
2368	72
2369	73
2370	71
2371	73
2372	72
2373	73
2374	73
2375	73
2376	73
2377	72
2378	72
2379	73
2380	71
2381	73
2382	73
2383	72
2384	71
2385	72
2386	74
2387	73
2388	71
2389	73
2390	71
2391	72
2392	71
2393	72
2394	71
2395	71
2396	73
2397	71
2398	72
2399	71
2400	72
2401	71
2402	72
2403	72
2404	72
2405	71
2406	73
2407	72
2408	71
2409	73
2410	73
2411	71
2412	71
2413	72
2414	72
2415	71
2416	73
2417	72
2418	72
2419	72
2420	71
2421	72
2422	72
2423	72
2424	73
2425	72
2426	72
2427	73
2428	73
2429	73
2430	71
2431	71
2432	73
2433	72
2434	72
2435	71
2436	71
2437	72
2438	71
2439	71
2440	71
2441	71
2442	71
2443	73
2444	71
2445	74
2446	73
2447	74
2448	72
2449	73
2450	74
2451	72
2452	72
2453	73
2454	72
2455	72
2456	72
2457	71
2458	72
2459	71
2460	73
2461	72
2462	71
2463	73
2464	73
2465	73
2466	73
2467	72
2468	73
2469	73
2470	72
2471	73
2472	71
2473	73
2474	73
2475	71
2476	73
2477	73
2478	72
2479	71
2480	73
2481	72
2482	71
2483	73
2484	73
2485	71
2486	72
2487	73
2488	72
2489	72
2490	72
2491	72
2492	73
2493	71
2494	73
2495	71
2496	72
2497	73
2498	72
2499	73
2500	73
2501	73
2502	71
2503	73
2504	72
2505	73
2506	73
2507	73
2508	72
2509	71
2510	72
2511	72
2512	72
2513	73
2514	72
2515	72
2516	73
2517	71
2518	71
2519	73
2520	71
2521	72
2522	73
2523	73
2524	71
2525	71
2526	71
2527	72
2528	71
2529	73
2530	73
2531	73
2532	73
2533	71
2534	73
2535	72
2536	71
2537	73
2538	72
2539	71
2540	72
2541	71
2542	73
2543	73
2544	71
2545	73
2546	71
2547	71
2548	72
2549	74
2550	71
2551	73
2552	71
2553	73
2554	73
2555	71
2556	72
2557	73
2558	71
2559	72
2560	72
2561	72
2562	73
2563	71
2564	71
2565	73
2566	72
2567	71
2568	72
2569	72
2570	72
2571	73
2572	72
2573	73
2574	71
2575	72
2576	74
2577	73
2578	73
2579	71
2580	72
2581	74
2582	73
2583	72
2584	73
2585	74
2586	74
2587	73
2588	71
2589	71
2590	71
2591	72
2592	73
2593	73
2594	72
2595	71
2596	72
2597	71
2598	73
2599	72
2600	72
2601	73
2602	71
2603	71
2604	72
2605	71
2606	71
2607	73
2608	71
2609	72
2610	73
2611	73
2612	72
2613	71
2614	71
2615	73
2616	73
2617	74
2618	73
2619	72
2620	71
2621	71
2622	73
2623	71
2624	71
2625	73
2626	73
2627	71
2628	71
2629	71
2630	71
2631	74
2632	73
2633	71
2634	71
2635	71
2636	72
2637	71
2638	71
2639	72
2640	71
2641	71
2642	72
2643	72
2644	71
2645	72
2646	71
2647	72
2648	72
2649	71
2650	73
2651	72
2652	73
2653	72
2654	71
2655	72
2656	72
2657	71
2658	73
2659	72
2660	71
2661	74
2662	73
2663	72
2664	73
2665	73
2666	73
2667	71
2668	71
2669	72
2670	73
2671	73
2672	71
2673	71
2674	72
2675	72
2676	71
2677	72
2678	71
2679	72
2680	71
2681	73
2682	72
2683	73
2684	73
2685	72
2686	73
2687	71
2688	73
2689	73
2690	72
2691	73
2692	72
2693	71
2694	73
2695	71
2696	73
2697	72
2698	71
2699	72
2700	73
2701	73
2702	71
2703	72
2704	72
2705	72
2706	73
2707	71
2708	71
2709	73
2710	72
2711	72
2712	72
2713	71
2714	71
2715	72
2716	73
2717	73
2718	72
2719	73
2720	72
2721	73
2722	72
2723	72
2724	72
2725	71
2726	73
2727	73
2728	73
2729	72
2730	72
2731	73
2732	72
2733	73
2734	73
2735	73
2736	73
2737	73
2738	73
2739	72
2740	71
2741	72
2742	73
2743	72
2744	72
2745	73
2746	71
2747	71
2748	73
2749	71
2750	72
2751	71
2752	73
2753	71
2754	73
2755	71
2756	73
2757	71
2758	71
2759	73
2760	72
2761	71
2762	72
2763	71
2764	73
2765	73
2766	73
2767	72
2768	72
2769	73
2770	71
2771	72
2772	73
2773	73
2774	71
2775	71
2776	72
2777	72
2778	73
2779	71
2780	72
2781	71
2782	71
2783	71
2784	71
2785	73
2786	73
2787	74
2788	71
2789	71
2790	71
2791	71
2792	71
2793	71
2794	72
2795	71
2796	71
2797	71
2798	72
2799	71
2800	73
2801	73
2802	73
2803	73
2804	71
2805	71
2806	72
2807	71
2808	73
2809	71
2810	71
2811	71
2812	73
2813	71
2814	71
2815	73
2816	73
2817	73
2818	72
2819	73
2820	73
2821	72
2822	71
2823	73
2824	72
2825	73
2826	71
2827	71
2828	72
2829	73
2830	72
2831	74
2832	72
2833	73
2834	73
2835	73
2836	71
2837	71
2838	71
2839	73
2840	71
2841	71
2842	72
2843	71
2844	73
2845	72
2846	73
2847	73
2848	73
2849	72
2850	71
2851	73
2852	72
2853	71
2854	73
2855	71
2856	74
2857	72
2858	71
2859	72
2860	72
2861	71
2862	71
2863	73
2864	73
2865	73
2866	73
2867	72
2868	71
2869	73
2870	71
2871	71
2872	72
2873	72
2874	72
2875	71
2876	74
2877	74
2878	73
2879	72
2880	71
2881	71
2882	73
2883	71
2884	71
2885	72
2886	71
2887	71
2888	71
2889	73
2890	73
2891	74
2892	73
2893	72
2894	72
2895	73
2896	71
2897	72
2898	74
2899	73
2900	71
2901	71
2902	72
2903	72
2904	73
2905	71
2906	71
2907	73
2908	72
2909	71
2910	72
2911	73
2912	71
2913	71
2914	71
2915	71
2916	71
2917	73
2918	72
2919	72
2920	72
2921	73
2922	73
2923	72
2924	73
2925	71
2926	73
2927	72
2928	72
2929	72
2930	72
2931	72
2932	72
2933	71
2934	71
2935	72
2936	73
2937	73
2938	71
2939	71
2940	72
2941	72
2942	73
2943	73
2944	71
2945	73
2946	73
2947	73
2948	71
2949	73
2950	72
2951	71
2952	73
2953	74
2954	73
2955	72
2956	72
2957	73
2958	72
2959	72
2960	72
2961	71
2962	72
2963	73
2964	72
2965	72
2966	71
2967	71
2968	71
2969	71
2970	72
2971	73
2972	73
2973	71
2974	71
2975	73
2976	72
2977	73
2978	73
2979	72
2980	72
2981	71
2982	71
2983	72
2984	72
2985	73
2986	73
2987	73
2988	71
2989	71
2990	72
2991	71
2992	73
2993	71
2994	74
2995	72
2996	73
2997	71
2998	73
2999	72
3000	73
3001	73
3002	72
3003	72
3004	71
3005	72
3006	72
3007	73
3008	72
3009	73
3010	73
3011	71
3012	71
3013	71
3014	72
3015	73
3016	72
3017	72
3018	74
3019	71
3020	71
3021	72
3022	72
3023	72
3024	72
3025	73
3026	71
3027	73
3028	71
3029	71
3030	73
3031	72
3032	71
3033	71
3034	73
3035	73
3036	72
3037	71
3038	71
3039	72
3040	72
3041	71
3042	71
3043	73
3044	72
3045	71
3046	71
3047	73
3048	71
3049	73
3050	73
3051	72
3052	71
3053	72
3054	72
3055	72
3056	73
3057	72
3058	72
3059	72
3060	72
3061	72
3062	71
3063	73
3064	71
3065	72
3066	72
3067	72
3068	72
3069	72
3070	72
3071	72
3072	72
3073	72
3074	73
3075	71
3076	74
3077	71
3078	71
3079	72
3080	71
3081	73
3082	72
3083	73
3084	72
3085	73
3086	73
3087	71
3088	71
3089	72
3090	71
3091	72
3092	73
3093	73
3094	72
3095	71
3096	71
3097	71
3098	73
3099	73
3100	71
3101	72
3102	72
3103	73
3104	71
3105	72
3106	72
3107	73
3108	73
3109	71
3110	72
3111	73
3112	73
3113	71
3114	71
3115	73
3116	71
3117	72
3118	71
3119	73
3120	73
3121	72
3122	71
3123	73
3124	72
3125	71
3126	72
3127	71
3128	72
3129	72
3130	71
3131	73
3132	73
3133	71
3134	72
3135	72
3136	71
3137	71
3138	72
3139	73
3140	71
3141	73
3142	71
3143	73
3144	73
3145	73
3146	73
3147	73
3148	72
3149	71
3150	71
3151	73
3152	71
3153	72
3154	72
3155	73
3156	71
3157	71
3158	71
3159	71
3160	73
3161	72
3162	72
3163	73
3164	73
3165	72
3166	73
3167	72
3168	71
3169	72
3170	73
3171	72
3172	73
3173	71
3174	73
3175	73
3176	73
3177	74
3178	71
3179	73
3180	73
3181	72
3182	72
3183	73
3184	72
3185	71
3186	73
3187	71
3188	73
3189	71
3190	73
3191	71
3192	71
3193	72
3194	71
3195	71
3196	71
3197	72
3198	72
3199	72
3200	73
3201	71
3202	71
3203	73
3204	73
3205	71
3206	71
3207	72
3208	73
3209	71
3210	73
3211	73
3212	73
3213	71
3214	71
3215	72
3216	73
3217	71
3218	71
3219	71
3220	71
3221	72
3222	74
3223	72
3224	72
3225	71
3226	73
3227	72
3228	72
3229	72
3230	71
3231	72
3232	72
3233	71
3234	73
3235	73
3236	73
3237	73
3238	72
3239	73
3240	72
3241	72
3242	71
3243	72
3244	71
3245	73
3246	73
3247	72
3248	71
3249	73
3250	71
3251	71
3252	73
3253	73
3254	72
3255	73
3256	71
3257	71
3258	72
3259	72
3260	73
3261	73
3262	72
3263	73
3264	72
3265	72
3266	73
3267	71
3268	72
3269	72
3270	73
3271	73
3272	73
3273	71
3274	73
3275	74
3276	71
3277	72
3278	71
3279	73
3280	73
3281	71
3282	72
3283	73
3284	72
3285	73
3286	71
3287	72
3288	74
3289	73
3290	73
3291	71
3292	71
3293	73
3294	73
3295	71
3296	71
3297	73
3298	72
3299	73
3300	72
3301	73
3302	71
3303	71
3304	72
3305	72
3306	71
3307	73
3308	73
3309	72
3310	73
3311	71
3312	71
3313	71
3314	72
3315	73
3316	71
3317	71
3318	74
3319	71
3320	74
3321	73
3322	73
3323	71
3324	73
3325	72
3326	73
3327	72
3328	73
3329	72
3330	72
3331	73
3332	73
3333	71
3334	71
3335	72
3336	71
3337	72
3338	72
3339	73
3340	71
3341	73
3342	71
3343	74
3344	71
3345	73
3346	72
3347	71
3348	71
3349	71
3350	73
3351	72
3352	73
3353	73
3354	71
3355	73
3356	72
3357	73
3358	72
3359	72
3360	73
3361	71
3362	72
3363	72
3364	72
3365	73
3366	71
3367	73
3368	72
3369	73
3370	73
3371	72
3372	72
3373	73
3374	72
3375	72
3376	71
3377	71
3378	71
3379	71
3380	74
3381	73
3382	71
3383	73
3384	72
3385	72
3386	73
3387	71
3388	72
3389	73
3390	71
3391	71
3392	71
3393	71
3394	72
3395	71
3396	72
3397	72
3398	71
3399	72
3400	72
3401	71
3402	73
3403	71
3404	72
3405	72
3406	72
3407	71
3408	71
3409	73
3410	71
3411	73
3412	71
3413	71
3414	72
3415	72
3416	73
3417	73
3418	72
3419	71
3420	71
3421	72
3422	72
3423	73
3424	71
3425	71
3426	73
3427	72
3428	72
3429	71
3430	71
3431	74
3432	73
3433	73
3434	73
3435	71
3436	71
3437	74
3438	71
3439	73
3440	71
3441	71
3442	73
3443	72
3444	72
3445	71
3446	71
3447	72
3448	71
3449	71
3450	74
3451	71
3452	74
3453	72
3454	73
3455	71
3456	72
3457	71
3458	72
3459	71
3460	72
3461	71
3462	73
3463	72
3464	71
3465	71
3466	72
3467	73
3468	72
3469	72
3470	71
3471	71
3472	71
3473	72
3474	74
3475	71
3476	71
3477	71
3478	72
3479	73
3480	72
3481	72
3482	71
3483	73
3484	73
3485	72
3486	72
3487	71
3488	71
3489	71
3490	72
3491	71
3492	73
3493	73
3494	73
3495	74
3496	72
3497	72
3498	73
3499	71
3500	72
3501	73
3502	73
3503	71
3504	72
3505	71
3506	73
3507	71
3508	73
3509	72
3510	73
3511	73
3512	71
3513	72
3514	72
3515	73
3516	71
3517	72
3518	72
3519	73
3520	72
3521	73
3522	73
3523	73
3524	73
3525	73
3526	72
3527	73
3528	72
3529	74
3530	71
3531	73
3532	73
3533	73
3534	73
3535	71
3536	73
3537	73
3538	72
3539	73
3540	71
3541	71
3542	72
3543	72
3544	73
3545	73
3546	71
3547	71
3548	72
3549	73
3550	72
3551	72
3552	72
3553	73
3554	73
3555	71
3556	71
3557	71
3558	72
3559	72
3560	71
3561	73
3562	73
3563	73
3564	72
3565	71
3566	73
3567	73
3568	71
3569	72
3570	72
3571	72
3572	71
3573	71
3574	71
3575	72
3576	71
3577	73
3578	72
3579	73
3580	71
3581	71
3582	73
3583	72
3584	73
3585	72
3586	71
3587	72
3588	72
3589	71
3590	73
3591	71
3592	71
3593	73
3594	71
3595	71
3596	72
3597	71
3598	72
3599	73
3600	73
3601	72
3602	71
3603	71
3604	73
3605	74
3606	72
3607	72
3608	72
3609	71
3610	71
3611	71
3612	73
3613	72
3614	73
3615	71
3616	72
3617	73
3618	74
3619	72
3620	72
3621	72
3622	71
3623	72
3624	72
3625	73
3626	72
3627	73
3628	73
3629	72
3630	73
3631	73
3632	73
3633	73
3634	72
3635	71
3636	72
3637	73
3638	73
3639	73
3640	72
3641	73
3642	71
3643	72
3644	73
3645	73
3646	71
3647	73
3648	71
3649	72
3650	73
3651	73
3652	71
3653	72
3654	71
3655	71
3656	72
3657	73
3658	72
3659	73
3660	73
3661	73
3662	72
3663	73
3664	73
3665	72
3666	72
3667	72
3668	71
3669	72
3670	71
3671	71
3672	71
3673	71
3674	73
3675	71
3676	71
3677	72
3678	73
3679	74
3680	72
3681	72
3682	73
3683	73
3684	71
3685	72
3686	72
3687	73
3688	72
3689	71
3690	73
3691	72
3692	71
3693	71
3694	71
3695	71
3696	72
3697	72
3698	73
3699	71
3700	72
3701	71
3702	73
3703	73
3704	71
3705	72
3706	72
3707	73
3708	72
3709	73
3710	73
3711	73
3712	71
3713	73
3714	72
3715	73
3716	71
3717	72
3718	72
3719	73
3720	72
3721	71
3722	71
3723	71
3724	73
3725	71
3726	74
3727	73
3728	72
3729	71
3730	73
3731	73
3732	72
3733	72
3734	72
3735	72
3736	71
3737	71
3738	71
3739	72
3740	73
3741	73
3742	72
3743	71
3744	71
3745	71
3746	71
3747	72
3748	73
3749	71
3750	71
3751	72
3752	72
3753	73
3754	72
3755	72
3756	73
3757	72
3758	73
3759	73
3760	71
3761	72
3762	73
3763	72
3764	73
3765	72
3766	74
3767	71
3768	71
3769	73
3770	71
3771	71
3772	73
3773	73
3774	73
3775	73
3776	72
3777	73
3778	71
3779	73
3780	74
3781	71
3782	73
3783	72
3784	72
3785	72
3786	71
3787	74
3788	73
3789	73
3790	71
3791	71
3792	71
3793	71
3794	71
3795	73
3796	71
3797	71
3798	73
3799	71
3800	71
3801	71
3802	73
3803	72
3804	72
3805	72
3806	73
3807	73
3808	72
3809	71
3810	72
3811	71
3812	73
3813	71
3814	73
3815	72
3816	73
3817	73
3818	72
3819	71
3820	73
3821	71
3822	73
3823	73
3824	73
3825	72
3826	73
3827	72
3828	73
3829	73
3830	73
3831	72
3832	72
3833	72
3834	71
3835	73
3836	72
3837	73
3838	72
3839	71
3840	73
3841	71
3842	71
3843	72
3844	73
3845	72
3846	72
3847	71
3848	72
3849	71
3850	71
3851	71
3852	71
3853	72
3854	74
3855	71
3856	71
3857	72
3858	72
3859	72
3860	71
3861	71
3862	72
3863	73
3864	71
3865	73
3866	71
3867	72
3868	71
3869	72
3870	73
3871	73
3872	71
3873	72
3874	72
3875	71
3876	71
3877	72
3878	72
3879	73
3880	73
3881	73
3882	73
3883	71
3884	71
3885	71
3886	72
3887	73
3888	71
3889	71
3890	71
3891	72
3892	73
3893	71
3894	71
3895	71
3896	72
3897	73
3898	73
3899	71
3900	73
3901	73
3902	71
3903	71
3904	72
3905	71
3906	72
3907	73
3908	72
3909	72
3910	72
3911	73
3912	71
3913	71
3914	72
3915	73
3916	71
3917	72
3918	72
3919	73
3920	71
3921	72
3922	73
3923	71
3924	73
3925	73
3926	71
3927	73
3928	73
3929	71
3930	72
3931	71
3932	71
3933	73
3934	72
3935	73
3936	72
3937	72
3938	71
3939	72
3940	72
3941	73
3942	71
3943	72
3944	71
3945	71
3946	73
3947	71
3948	73
3949	72
3950	72
3951	72
3952	73
3953	73
3954	72
3955	71
3956	72
3957	73
3958	71
3959	71
3960	73
3961	73
3962	72
3963	71
3964	71
3965	72
3966	71
3967	73
3968	73
3969	72
3970	71
3971	73
3972	71
3973	73
3974	72
3975	73
3976	71
3977	73
3978	73
3979	71
3980	72
3981	71
3982	73
3983	73
3984	73
3985	71
3986	71
3987	71
3988	71
3989	72
3990	71
3991	72
3992	71
3993	72
3994	72
3995	71
3996	72
3997	72
3998	73
3999	73
4000	73
4001	72
4002	71
4003	71
4004	72
4005	72
4006	72
4007	71
4008	71
4009	71
4010	73
4011	71
4012	71
4013	71
4014	73
4015	73
4016	73
4017	73
4018	73
4019	71
4020	71
4021	71
4022	73
4023	72
4024	73
4025	73
4026	71
4027	72
4028	72
4029	72
4030	71
4031	72
4032	73
4033	71
4034	72
4035	72
4036	71
4037	73
4038	72
4039	72
4040	71
4041	73
4042	71
4043	71
4044	71
4045	71
4046	72
4047	74
4048	73
4049	71
4050	71
4051	73
4052	71
4053	73
4054	73
4055	73
4056	71
4057	71
4058	72
4059	72
4060	73
4061	72
4062	72
4063	71
4064	73
4065	73
4066	72
4067	71
4068	71
4069	71
4070	71
4071	72
4072	73
4073	72
4074	72
4075	72
4076	72
4077	73
4078	72
4079	72
4080	74
4081	74
4082	73
4083	72
4084	73
4085	72
4086	73
4087	71
4088	73
4089	72
4090	71
4091	73
4092	72
4093	73
4094	73
4095	72
4096	71
4097	73
4098	73
4099	71
4100	72
4101	72
4102	71
4103	73
4104	71
4105	73
4106	71
4107	73
4108	73
4109	72
4110	71
4111	71
4112	72
4113	72
4114	71
4115	71
4116	73
4117	71
4118	71
4119	71
4120	71
4121	74
4122	73
4123	71
4124	71
4125	71
4126	71
4127	71
4128	73
4129	71
4130	73
4131	71
4132	73
4133	74
4134	72
4135	73
4136	73
4137	73
4138	73
4139	72
4140	73
4141	71
4142	71
4143	71
4144	72
4145	71
4146	73
4147	73
4148	73
4149	73
4150	73
4151	71
4152	72
4153	72
4154	73
4155	71
4156	71
4157	73
4158	71
4159	73
4160	71
4161	71
4162	71
4163	73
4164	73
4165	71
4166	73
4167	73
4168	73
4169	71
4170	71
4171	72
4172	71
4173	72
4174	71
4175	71
4176	73
4177	72
4178	73
4179	73
4180	72
4181	72
4182	71
4183	72
4184	73
4185	71
4186	72
4187	73
4188	71
4189	71
4190	71
4191	73
4192	71
4193	71
4194	71
4195	72
4196	72
4197	72
4198	71
4199	72
4200	72
4201	71
4202	72
4203	73
4204	71
4205	73
4206	73
4207	71
4208	71
4209	73
4210	71
4211	71
4212	72
4213	72
4214	73
4215	71
4216	71
4217	72
4218	72
4219	71
4220	72
4221	71
4222	71
4223	73
4224	71
4225	71
4226	72
4227	73
4228	73
4229	73
4230	73
4231	71
4232	71
4233	73
4234	74
4235	72
4236	71
4237	72
4238	72
4239	74
4240	73
4241	72
4242	71
4243	71
4244	74
4245	73
4246	72
4247	73
4248	73
4249	71
4250	71
4251	72
4252	73
4253	72
4254	72
4255	71
4256	73
4257	73
4258	73
4259	73
4260	73
4261	72
4262	72
4263	73
4264	73
4265	71
4266	73
4267	73
4268	73
4269	71
4270	73
4271	71
4272	71
4273	71
4274	73
4275	71
4276	72
4277	72
4278	72
4279	71
4280	73
4281	71
4282	71
4283	74
4284	71
4285	71
4286	72
4287	71
4288	71
4289	73
4290	73
4291	72
4292	73
4293	71
4294	72
4295	71
4296	73
4297	73
4298	72
4299	72
4300	73
4301	73
4302	73
4303	73
4304	73
4305	71
4306	74
4307	71
4308	71
4309	73
4310	71
4311	73
4312	72
4313	73
4314	71
4315	73
4316	71
4317	71
4318	71
4319	73
4320	74
4321	72
4322	73
4323	72
4324	73
4325	71
4326	72
4327	72
4328	73
4329	71
4330	71
4331	71
4332	71
4333	71
4334	73
4335	71
4336	73
4337	73
4338	73
4339	71
4340	73
4341	72
4342	72
4343	73
4344	73
4345	72
4346	73
4347	72
4348	71
4349	71
4350	73
4351	72
4352	73
4353	71
4354	71
4355	71
4356	73
4357	71
4358	74
4359	73
4360	72
4361	73
4362	73
4363	73
4364	71
4365	73
4366	71
4367	71
4368	73
4369	71
4370	73
4371	72
4372	74
4373	71
4374	73
4375	72
4376	73
4377	73
4378	73
4379	73
4380	73
4381	71
4382	72
4383	71
4384	72
4385	72
4386	72
4387	73
4388	73
4389	72
4390	71
4391	72
4392	71
4393	71
4394	71
4395	71
4396	71
4397	73
4398	72
4399	71
4400	73
4401	71
4402	71
4403	71
4404	72
4405	72
4406	71
4407	72
4408	72
4409	72
4410	73
4411	73
4412	73
4413	71
4414	72
4415	71
4416	72
4417	71
4418	72
4419	72
4420	73
4421	72
4422	71
4423	72
4424	72
4425	72
4426	73
4427	72
4428	73
4429	73
4430	73
4431	72
4432	71
4433	73
4434	72
4435	71
4436	71
4437	72
4438	72
4439	73
4440	73
4441	73
4442	73
4443	72
4444	73
4445	72
4446	72
4447	72
4448	73
4449	71
4450	72
4451	73
4452	71
4453	73
4454	71
4455	73
4456	72
4457	71
4458	73
4459	72
4460	71
4461	71
4462	72
4463	73
4464	71
4465	72
4466	72
4467	72
4468	71
4469	72
4470	72
4471	71
4472	73
4473	73
4474	72
4475	72
4476	71
4477	73
4478	72
4479	73
4480	72
4481	71
4482	73
4483	72
4484	72
4485	71
4486	72
4487	73
4488	71
4489	72
4490	72
4491	72
4492	71
4493	71
4494	74
4495	74
4496	72
4497	71
4498	71
4499	71
4500	71
4501	72
4502	71
4503	73
4504	72
4505	72
4506	71
4507	72
4508	71
4509	72
4510	72
4511	71
4512	71
4513	71
4514	73
4515	73
4516	72
4517	72
4518	71
4519	72
4520	73
4521	72
4522	71
4523	71
4524	71
4525	73
4526	72
4527	72
4528	72
4529	71
4530	72
4531	71
4532	73
4533	72
4534	73
4535	72
4536	72
4537	71
4538	71
4539	71
4540	73
4541	71
4542	72
4543	72
4544	74
4545	73
4546	71
4547	72
4548	73
4549	71
4550	71
4551	71
4552	74
4553	71
4554	73
4555	73
4556	73
4557	71
4558	72
4559	72
4560	72
4561	73
4562	72
4563	71
4564	73
4565	71
4566	72
4567	73
4568	72
4569	73
4570	71
4571	71
4572	71
4573	73
4574	71
4575	73
4576	71
4577	72
4578	74
4579	71
4580	72
4581	71
4582	73
4583	72
4584	72
4585	72
4586	73
4587	72
4588	71
4589	71
4590	73
4591	73
4592	73
4593	73
4594	72
4595	72
4596	72
4597	73
4598	72
4599	72
4600	71
4601	71
4602	72
4603	73
4604	73
4605	71
4606	72
4607	73
4608	71
4609	73
4610	73
4611	73
4612	71
4613	72
4614	72
4615	71
4616	72
4617	72
4618	73
4619	72
4620	73
4621	73
4622	73
4623	71
4624	73
4625	71
4626	72
4627	71
4628	73
4629	71
4630	71
4631	72
4632	71
4633	73
4634	72
4635	71
4636	72
4637	72
4638	72
4639	72
4640	71
4641	73
4642	73
4643	71
4644	71
4645	71
4646	73
4647	72
4648	71
4649	71
4650	71
4651	73
4652	72
4653	71
4654	73
4655	73
4656	73
4657	71
4658	71
4659	71
4660	71
4661	71
4662	71
4663	73
4664	73
4665	73
4666	73
4667	73
4668	73
4669	72
4670	73
4671	72
4672	72
4673	72
4674	72
4675	72
4676	72
4677	71
4678	71
4679	72
4680	73
4681	71
4682	72
4683	72
4684	73
4685	72
4686	71
4687	73
4688	72
4689	71
4690	73
4691	72
4692	73
4693	72
4694	73
4695	73
4696	71
4697	73
4698	71
4699	72
4700	73
4701	73
4702	73
4703	72
4704	71
4705	71
4706	71
4707	71
4708	71
4709	73
4710	72
4711	74
4712	73
4713	71
4714	73
4715	71
4716	71
4717	72
4718	72
4719	72
4720	71
4721	72
4722	73
4723	71
4724	73
4725	72
4726	71
4727	73
4728	71
4729	71
4730	73
4731	73
4732	72
4733	73
4734	73
4735	72
4736	71
4737	73
4738	73
4739	71
4740	71
4741	71
4742	73
4743	71
4744	71
4745	71
4746	71
4747	72
4748	71
4749	71
4750	72
4751	72
4752	72
4753	72
4754	71
4755	73
4756	71
4757	72
4758	73
4759	71
4760	72
4761	73
4762	73
4763	72
4764	71
4765	72
4766	73
4767	72
4768	72
4769	71
4770	73
4771	71
4772	71
4773	71
4774	72
4775	71
4776	73
4777	72
4778	72
4779	73
4780	72
4781	71
4782	72
4783	72
4784	71
4785	72
4786	72
4787	73
4788	71
4789	71
4790	72
4791	72
4792	71
4793	73
4794	71
4795	71
4796	71
4797	71
4798	72
4799	73
4800	73
4801	71
4802	72
4803	71
4804	72
4805	71
4806	73
4807	72
4808	71
4809	72
4810	72
4811	71
4812	71
4813	73
4814	72
4815	72
4816	72
4817	73
4818	71
4819	71
4820	71
4821	72
4822	71
4823	73
4824	73
4825	71
4826	72
4827	71
4828	71
4829	71
4830	72
4831	71
4832	72
4833	72
4834	73
4835	71
4836	74
4837	72
4838	72
4839	73
4840	71
4841	71
4842	71
4843	73
4844	72
4845	73
4846	73
4847	71
4848	73
4849	72
4850	71
4851	72
4852	71
4853	72
4854	71
4855	72
4856	71
4857	71
4858	73
4859	72
4860	71
4861	71
4862	72
4863	72
4864	73
4865	72
4866	71
4867	72
4868	71
4869	72
4870	72
4871	72
4872	72
4873	71
4874	72
4875	71
4876	72
4877	72
4878	72
4879	71
4880	73
4881	72
4882	72
4883	71
4884	72
4885	72
4886	73
4887	72
4888	71
4889	72
4890	71
4891	72
4892	71
4893	73
4894	73
4895	72
4896	71
4897	72
4898	72
4899	71
4900	72
4901	73
4902	73
4903	71
4904	73
4905	72
4906	71
4907	72
4908	74
4909	74
4910	72
4911	71
4912	73
4913	73
4914	73
4915	72
4916	72
4917	73
4918	72
4919	72
4920	71
4921	72
4922	71
4923	73
4924	73
4925	72
4926	71
4927	71
4928	73
4929	71
4930	72
4931	72
4932	71
4933	72
4934	71
4935	72
4936	74
4937	71
4938	71
4939	72
4940	71
4941	71
4942	72
4943	72
4944	73
4945	71
4946	71
4947	71
4948	73
4949	73
4950	72
4951	72
4952	73
4953	72
4954	71
4955	72
4956	71
4957	72
4958	72
4959	71
4960	73
4961	71
4962	71
4963	72
4964	72
4965	72
4966	72
4967	73
4968	72
4969	72
4970	73
4971	73
4972	71
4973	74
4974	71
4975	71
4976	73
4977	73
4978	71
4979	71
4980	73
4981	73
4982	72
4983	73
4984	74
4985	73
4986	72
4987	72
4988	71
4989	73
4990	73
4991	73
4992	72
4993	73
4994	72
4995	73
4996	72
4997	73
4998	71
4999	73
5000	72
5001	72
5002	71
5003	71
5004	72
5005	72
5006	73
5007	71
5008	73
5009	71
5010	72
5011	71
5012	71
5013	72
5014	73
5015	71
5016	71
5017	71
5018	72
5019	73
5020	73
5021	73
5022	73
5023	72
5024	73
5025	73
5026	71
5027	72
5028	72
5029	73
5030	73
5031	73
5032	72
5033	72
5034	72
5035	73
5036	71
5037	71
5038	72
5039	73
5040	71
5041	72
5042	72
5043	73
5044	71
5045	71
5046	71
5047	73
5048	72
5049	71
5050	71
5051	71
5052	73
5053	71
5054	71
5055	72
5056	71
5057	71
5058	73
5059	73
5060	72
5061	71
5062	71
5063	71
5064	73
5065	72
5066	71
5067	73
5068	73
5069	72
5070	73
5071	71
5072	71
5073	71
5074	73
5075	73
5076	72
5077	73
5078	73
5079	71
5080	72
5081	72
5082	73
5083	72
5084	71
5085	73
5086	73
5087	73
5088	71
5089	72
5090	72
5091	72
5092	71
5093	71
5094	73
5095	71
5096	73
5097	71
5098	71
5099	71
5100	73
5101	72
5102	72
5103	71
5104	71
5105	73
5106	73
5107	71
5108	73
5109	72
5110	72
5111	71
5112	74
5113	71
5114	71
5115	72
5116	71
5117	71
5118	74
5119	72
5120	71
5121	71
5122	73
5123	71
5124	71
5125	72
5126	73
5127	72
5128	71
5129	72
5130	72
5131	72
5132	71
5133	72
5134	73
5135	71
5136	71
5137	72
5138	73
5139	73
5140	71
5141	71
5142	72
5143	73
5144	71
5145	72
5146	72
5147	71
5148	71
5149	73
5150	71
5151	72
5152	73
5153	73
5154	72
5155	71
5156	73
5157	71
5158	73
5159	73
5160	72
5161	72
5162	71
5163	72
5164	73
5165	72
5166	71
5167	73
5168	71
5169	72
5170	72
5171	72
5172	71
5173	71
5174	72
5175	73
5176	72
5177	72
5178	73
5179	73
5180	71
5181	71
5182	71
5183	71
5184	71
5185	73
5186	72
5187	71
5188	71
5189	71
5190	73
5191	71
5192	71
5193	73
5194	72
5195	71
5196	72
5197	72
5198	72
5199	72
5200	74
5201	73
5202	71
5203	71
5204	73
5205	72
5206	73
5207	72
5208	73
5209	73
5210	73
5211	73
5212	72
5213	71
5214	73
5215	72
5216	72
5217	71
5218	73
5219	71
5220	71
5221	71
5222	71
5223	71
5224	71
5225	71
5226	71
5227	72
5228	71
5229	73
5230	73
5231	73
5232	73
5233	73
5234	73
5235	73
5236	73
5237	73
5238	71
5239	71
5240	71
5241	71
5242	72
5243	71
5244	72
5245	72
5246	72
5247	72
5248	73
5249	72
5250	73
5251	71
5252	72
5253	71
5254	71
5255	72
5256	73
5257	72
5258	73
5259	71
5260	72
5261	72
5262	72
5263	71
5264	73
5265	72
5266	72
5267	72
5268	72
5269	73
5270	71
5271	72
5272	73
5273	71
5274	72
5275	71
5276	73
5277	71
5278	71
5279	73
5280	73
5281	72
5282	73
5283	71
5284	72
5285	71
5286	71
5287	73
5288	72
5289	71
5290	73
5291	73
5292	73
5293	72
5294	72
5295	71
5296	72
5297	72
5298	72
5299	73
5300	72
5301	71
5302	71
5303	73
5304	71
5305	72
5306	73
5307	72
5308	71
5309	71
5310	73
5311	72
5312	73
5313	71
5314	71
5315	73
5316	73
5317	71
5318	73
5319	72
5320	73
5321	72
5322	71
5323	73
5324	71
5325	71
5326	73
5327	71
5328	72
5329	71
5330	71
5331	71
5332	71
5333	71
5334	72
5335	72
5336	73
5337	71
5338	72
5339	72
5340	72
5341	71
5342	73
5343	71
5344	71
5345	72
5346	73
5347	73
5348	73
5349	73
5350	74
5351	73
5352	71
5353	71
5354	71
5355	71
5356	73
5357	72
5358	71
5359	73
5360	71
5361	73
5362	71
5363	72
5364	71
5365	72
5366	73
5367	72
5368	71
5369	71
5370	73
5371	73
5372	72
5373	71
5374	73
5375	73
5376	71
5377	72
5378	72
5379	72
5380	73
5381	71
5382	72
5383	73
5384	72
5385	72
5386	71
5387	71
5388	71
5389	71
5390	73
5391	71
5392	73
5393	71
5394	71
5395	74
5396	72
5397	73
5398	73
5399	74
5400	71
5401	74
5402	72
5403	73
5404	72
5405	73
5406	71
5407	72
5408	73
5409	73
5410	73
5411	73
5412	71
5413	73
5414	73
5415	73
5416	72
5417	71
5418	71
5419	73
5420	73
5421	71
5422	72
5423	71
5424	71
5425	72
5426	73
5427	71
5428	72
5429	71
5430	71
5431	71
5432	73
5433	71
5434	71
5435	71
5436	72
5437	71
5438	73
5439	71
5440	73
5441	72
5442	72
5443	73
5444	72
5445	73
5446	72
5447	72
5448	73
5449	73
5450	71
5451	71
5452	71
5453	72
5454	72
5455	72
5456	71
5457	72
5458	73
5459	73
5460	73
5461	72
5462	73
5463	73
5464	73
5465	72
5466	73
5467	72
5468	73
5469	73
5470	72
5471	71
5472	72
5473	72
5474	73
5475	71
5476	71
5477	74
5478	73
5479	73
5480	73
5481	73
5482	73
5483	71
5484	71
5485	73
5486	72
5487	73
5488	72
5489	71
5490	73
5491	71
5492	72
5493	73
5494	71
5495	73
5496	72
5497	71
5498	72
5499	72
5500	71
5501	72
5502	73
5503	71
5504	72
5505	73
5506	72
5507	72
5508	72
5509	71
5510	72
5511	73
5512	72
5513	71
5514	71
5515	72
5516	73
5517	73
5518	73
5519	73
5520	71
5521	71
5522	73
5523	74
5524	72
5525	74
5526	72
5527	71
5528	71
5529	71
5530	72
5531	71
5532	72
5533	73
5534	72
5535	71
5536	72
5537	73
5538	72
5539	72
5540	73
5541	73
5542	71
5543	73
5544	71
5545	72
5546	72
5547	71
5548	72
5549	71
5550	73
5551	73
5552	73
5553	71
5554	73
5555	73
5556	72
5557	72
5558	72
5559	73
5560	73
5561	73
5562	71
5563	72
5564	72
5565	72
5566	73
5567	73
5568	71
5569	73
5570	72
5571	71
5572	72
5573	71
5574	71
5575	71
5576	71
5577	73
5578	71
5579	73
5580	72
5581	71
5582	71
5583	72
5584	71
5585	72
5586	73
5587	73
5588	72
5589	72
5590	72
5591	74
5592	73
5593	72
5594	73
5595	73
5596	71
5597	71
5598	73
5599	73
5600	73
5601	71
5602	71
5603	73
5604	71
5605	73
5606	71
5607	72
5608	74
5609	72
5610	71
5611	73
5612	72
5613	71
5614	72
5615	72
5616	71
5617	73
5618	72
5619	71
5620	71
5621	71
5622	73
5623	72
5624	71
5625	73
5626	73
5627	71
5628	72
5629	73
5630	71
5631	72
5632	71
5633	71
5634	72
5635	73
5636	73
5637	72
5638	71
5639	71
5640	72
5641	72
5642	72
5643	73
5644	71
5645	71
5646	73
5647	73
5648	71
5649	73
5650	71
5651	73
5652	71
5653	73
5654	73
5655	73
5656	71
5657	71
5658	73
5659	73
5660	73
5661	72
5662	71
5663	71
5664	73
5665	73
5666	71
5667	71
5668	73
5669	71
5670	73
5671	71
5672	71
5673	73
5674	72
5675	73
5676	73
5677	71
5678	71
5679	74
5680	73
5681	72
5682	73
5683	72
5684	73
5685	71
5686	72
5687	71
5688	73
5689	72
5690	73
5691	71
5692	73
5693	71
5694	73
5695	72
5696	71
5697	71
5698	72
5699	71
5700	72
5701	72
5702	73
5703	71
5704	72
5705	72
5706	72
5707	71
5708	72
5709	72
5710	71
5711	71
5712	73
5713	73
5714	73
5715	72
5716	71
5717	72
5718	73
5719	71
5720	71
5721	73
5722	71
5723	73
5724	73
5725	72
5726	72
5727	71
5728	72
5729	71
5730	72
5731	71
5732	72
5733	72
5734	73
5735	73
5736	73
5737	73
5738	71
5739	71
5740	72
5741	71
5742	72
5743	73
5744	71
5745	71
5746	71
5747	71
5748	72
5749	73
5750	72
5751	72
5752	72
5753	73
5754	73
5755	73
5756	72
5757	71
5758	72
5759	72
5760	74
5761	72
5762	73
5763	71
5764	72
5765	71
5766	73
5767	73
5768	72
5769	73
5770	73
5771	73
5772	71
5773	73
5774	72
5775	73
5776	72
5777	71
5778	71
5779	72
5780	71
5781	71
5782	73
5783	73
5784	73
5785	72
5786	73
5787	71
5788	72
5789	73
5790	71
5791	72
5792	72
5793	71
5794	72
5795	71
5796	71
5797	72
5798	71
5799	72
5800	73
5801	71
5802	71
5803	73
5804	73
5805	71
5806	71
5807	71
5808	72
5809	73
5810	73
5811	73
5812	72
5813	71
5814	72
5815	72
5816	73
5817	73
5818	73
5819	71
5820	71
5821	71
5822	71
5823	72
5824	71
5825	73
5826	72
5827	71
5828	73
5829	73
5830	72
5831	73
5832	73
5833	72
5834	71
5835	73
5836	72
5837	72
5838	71
5839	73
5840	72
5841	72
5842	72
5843	73
5844	71
5845	73
5846	71
5847	73
5848	71
5849	71
5850	73
5851	71
5852	73
5853	72
5854	73
5855	72
5856	72
5857	72
5858	71
5859	71
5860	72
5861	71
5862	73
5863	72
5864	73
5865	72
5866	73
5867	71
5868	71
5869	73
5870	72
5871	73
5872	71
5873	71
5874	72
5875	73
5876	72
5877	71
5878	72
5879	72
5880	72
5881	73
5882	72
5883	73
5884	71
5885	73
5886	73
5887	73
5888	71
5889	71
5890	71
5891	73
5892	73
5893	72
5894	71
5895	71
5896	72
5897	72
5898	73
5899	71
5900	73
5901	72
5902	73
5903	72
5904	71
5905	71
5906	72
5907	71
5908	73
5909	72
5910	72
5911	73
5912	73
5913	72
5914	71
5915	71
5916	72
5917	72
5918	71
5919	71
5920	73
5921	72
5922	73
5923	73
5924	71
5925	71
5926	71
5927	72
5928	71
5929	72
5930	72
5931	71
5932	71
5933	72
5934	73
5935	73
5936	71
5937	71
5938	71
5939	72
5940	71
5941	73
5942	73
5943	71
5944	72
5945	71
5946	72
5947	72
5948	73
5949	73
5950	72
5951	72
5952	73
5953	71
5954	71
5955	73
5956	73
5957	73
5958	72
5959	71
5960	71
5961	71
5962	72
5963	71
5964	72
5965	72
5966	72
5967	73
5968	73
5969	74
5970	73
5971	73
5972	73
5973	72
5974	73
5975	73
5976	74
5977	72
5978	72
5979	73
5980	71
5981	73
5982	73
5983	73
5984	74
5985	72
5986	71
5987	71
5988	74
5989	72
5990	73
5991	73
5992	73
5993	72
5994	73
5995	73
5996	72
5997	72
5998	73
5999	73
6000	73
6001	73
6002	73
6003	73
6004	72
6005	71
6006	73
6007	71
6008	72
6009	73
6010	71
6011	72
6012	71
6013	72
6014	72
6015	73
6016	71
6017	73
6018	73
6019	73
6020	73
6021	73
6022	71
6023	72
6024	72
6025	73
6026	72
6027	72
6028	72
6029	72
6030	72
6031	71
6032	72
6033	71
6034	73
6035	73
6036	73
6037	73
6038	73
6039	71
6040	71
6041	71
6042	72
6043	72
6044	71
6045	72
6046	73
6047	73
6048	73
6049	73
6050	73
6051	71
6052	73
6053	72
6054	74
6055	72
6056	72
6057	71
6058	71
6059	71
6060	72
6061	73
6062	73
6063	72
6064	73
6065	71
6066	73
6067	71
6068	73
6069	73
6070	72
6071	73
6072	73
6073	71
6074	72
6075	72
6076	72
6077	72
6078	74
6079	73
6080	72
6081	72
6082	72
6083	72
6084	73
6085	72
6086	71
6087	71
6088	73
6089	72
6090	73
6091	72
6092	73
6093	71
6094	72
6095	71
6096	72
6097	71
6098	72
6099	73
6100	73
6101	72
6102	71
6103	72
6104	72
6105	74
6106	71
6107	73
6108	72
6109	72
6110	73
6111	74
6112	71
6113	73
6114	73
6115	73
6116	74
6117	73
6118	73
6119	72
6120	71
6121	74
6122	71
6123	71
6124	71
6125	73
6126	73
6127	72
6128	73
6129	73
6130	73
6131	71
6132	71
6133	72
6134	72
6135	72
6136	72
6137	73
6138	72
6139	72
6140	73
6141	72
6142	73
6143	72
6144	73
6145	71
6146	72
6147	72
6148	73
6149	72
6150	72
6151	73
6152	73
6153	72
6154	73
6155	71
6156	72
6157	72
6158	72
6159	71
6160	73
6161	71
6162	72
6163	71
6164	72
6165	72
6166	73
6167	72
6168	71
6169	73
6170	73
6171	72
6172	72
6173	72
6174	72
6175	73
6176	71
6177	74
6178	73
6179	73
6180	73
6181	72
6182	73
6183	72
6184	73
6185	73
6186	72
6187	71
6188	73
6189	71
6190	71
6191	73
6192	72
6193	73
6194	71
6195	73
6196	71
6197	71
6198	73
6199	73
6200	73
6201	73
6202	73
6203	73
6204	73
6205	72
6206	73
6207	73
6208	73
6209	71
6210	72
6211	73
6212	72
6213	73
6214	71
6215	72
6216	73
6217	71
6218	72
6219	71
6220	74
6221	73
6222	71
6223	72
6224	73
6225	71
6226	73
6227	72
6228	73
6229	71
6230	71
6231	73
6232	71
6233	73
6234	73
6235	72
6236	73
6237	72
6238	71
6239	72
6240	71
6241	72
6242	73
6243	72
6244	73
6245	73
6246	71
6247	72
6248	73
6249	73
6250	73
6251	72
6252	72
6253	71
6254	73
6255	73
6256	71
6257	71
6258	73
6259	72
6260	73
6261	71
6262	71
6263	71
6264	71
6265	73
6266	73
6267	71
6268	73
6269	72
6270	73
6271	72
6272	72
6273	72
6274	72
6275	71
6276	72
6277	72
6278	71
6279	71
6280	73
6281	73
6282	73
6283	71
6284	72
6285	72
6286	72
6287	72
6288	73
6289	71
6290	72
6291	72
6292	73
6293	72
6294	71
6295	71
6296	72
6297	71
6298	71
6299	71
6300	73
6301	72
6302	73
6303	71
6304	73
6305	73
6306	71
6307	71
6308	73
6309	73
6310	72
6311	71
6312	72
6313	73
6314	73
6315	72
6316	72
6317	71
6318	72
6319	73
6320	72
6321	72
6322	73
6323	73
6324	73
6325	73
6326	72
6327	73
6328	72
6329	73
6330	71
6331	71
6332	71
6333	73
6334	73
6335	72
6336	73
6337	72
6338	74
6339	72
6340	73
6341	73
6342	73
6343	71
6344	71
6345	73
6346	72
6347	71
6348	73
6349	71
6350	73
6351	73
6352	71
6353	73
6354	73
6355	73
6356	73
6357	72
6358	73
6359	71
6360	71
6361	73
6362	73
6363	71
6364	71
6365	71
6366	73
6367	73
6368	71
6369	73
6370	71
6371	73
6372	71
6373	71
6374	73
6375	73
6376	73
6377	73
6378	71
6379	73
6380	71
6381	73
6382	72
6383	73
6384	73
6385	72
6386	73
6387	73
6388	71
6389	71
6390	71
6391	71
6392	72
6393	73
6394	72
6395	71
6396	72
6397	71
6398	72
6399	72
6400	73
6401	73
6402	73
6403	72
6404	71
6405	71
6406	71
6407	74
6408	72
6409	71
6410	72
6411	71
6412	72
6413	71
6414	72
6415	72
6416	71
6417	73
6418	73
6419	72
6420	73
6421	72
6422	71
6423	73
6424	72
6425	71
6426	71
6427	72
6428	71
6429	73
6430	72
6431	73
6432	73
6433	71
6434	71
6435	71
6436	72
6437	72
6438	72
6439	72
6440	71
6441	72
6442	71
6443	73
6444	72
6445	73
6446	71
6447	71
6448	72
6449	71
6450	71
6451	73
6452	71
6453	71
6454	73
6455	74
6456	72
6457	71
6458	71
6459	72
6460	72
6461	73
6462	73
6463	73
6464	72
6465	72
6466	72
6467	71
6468	72
6469	71
6470	71
6471	73
6472	71
6473	71
6474	72
6475	73
6476	71
6477	73
6478	72
6479	72
6480	73
6481	73
6482	72
6483	71
6484	72
6485	73
6486	73
6487	73
6488	73
6489	72
6490	71
6491	73
6492	73
6493	71
6494	73
6495	72
6496	73
6497	73
6498	71
6499	72
6500	73
6501	72
6502	73
6503	73
6504	71
6505	73
6506	71
6507	71
6508	73
6509	71
6510	72
6511	73
6512	73
6513	74
6514	73
6515	71
6516	72
6517	72
6518	73
6519	72
6520	71
6521	71
6522	73
6523	71
6524	71
6525	73
6526	74
6527	72
6528	73
6529	72
6530	73
6531	73
6532	72
6533	71
6534	72
6535	71
6536	71
6537	72
6538	73
6539	73
6540	72
6541	71
6542	73
6543	72
6544	74
6545	73
6546	72
6547	71
6548	71
6549	72
6550	72
6551	73
6552	72
6553	73
6554	71
6555	72
6556	71
6557	73
6558	71
6559	73
6560	71
6561	72
6562	73
6563	73
6564	72
6565	73
6566	73
6567	71
6568	71
6569	73
6570	71
6571	73
6572	72
6573	72
6574	72
6575	73
6576	73
6577	73
6578	71
6579	71
6580	73
6581	73
6582	71
6583	72
6584	71
6585	73
6586	71
6587	72
6588	71
6589	72
6590	73
6591	71
6592	72
6593	72
6594	71
6595	71
6596	72
6597	73
6598	71
6599	73
6600	71
6601	71
6602	72
6603	72
6604	71
6605	73
6606	72
6607	71
6608	71
6609	71
6610	72
6611	73
6612	73
6613	71
6614	72
6615	72
6616	73
6617	71
6618	71
6619	71
6620	73
6621	71
6622	72
6623	72
6624	72
6625	72
6626	73
6627	72
6628	72
6629	71
6630	73
6631	71
6632	73
6633	72
6634	73
6635	73
6636	71
6637	71
6638	72
6639	71
6640	71
6641	72
6642	71
6643	72
6644	71
6645	71
6646	73
6647	72
6648	72
6649	73
6650	71
6651	73
6652	73
6653	73
6654	72
6655	73
6656	73
6657	73
6658	73
6659	73
6660	73
6661	72
6662	72
6663	72
6664	71
6665	72
6666	72
6667	73
6668	72
6669	73
6670	72
6671	73
6672	72
6673	73
6674	73
6675	71
6676	71
6677	73
6678	73
6679	73
6680	71
6681	72
6682	73
6683	73
6684	71
6685	72
6686	71
6687	71
6688	71
6689	73
6690	73
6691	71
6692	73
6693	73
6694	71
6695	71
6696	72
6697	71
6698	72
6699	71
6700	71
6701	71
6702	71
6703	73
6704	73
6705	71
6706	73
6707	73
6708	72
6709	71
6710	73
6711	73
6712	72
6713	71
6714	71
6715	72
6716	71
6717	71
6718	73
6719	71
6720	73
6721	72
6722	73
6723	72
6724	73
6725	71
6726	72
6727	73
6728	71
6729	72
6730	72
6731	72
6732	72
6733	71
6734	72
6735	72
6736	71
6737	71
6738	73
6739	72
6740	72
6741	73
6742	73
6743	71
6744	71
6745	73
6746	71
6747	73
6748	73
6749	71
6750	73
6751	71
6752	73
6753	72
6754	72
6755	72
6756	71
6757	72
6758	71
6759	71
6760	72
6761	74
6762	74
6763	73
6764	71
6765	71
6766	72
6767	71
6768	73
6769	71
6770	72
6771	73
6772	73
6773	71
6774	72
6775	71
6776	73
6777	73
6778	71
6779	71
6780	72
6781	72
6782	73
6783	73
6784	74
6785	73
6786	72
6787	71
6788	72
6789	71
6790	73
6791	72
6792	73
6793	72
6794	71
6795	71
6796	71
6797	72
6798	71
6799	72
6800	71
6801	72
6802	71
6803	71
6804	73
6805	71
6806	73
6807	72
6808	72
6809	71
6810	71
6811	71
6812	71
6813	72
6814	71
6815	72
6816	73
6817	71
6818	73
6819	71
6820	71
6821	73
6822	72
6823	71
6824	73
6825	73
6826	71
6827	71
6828	73
6829	72
6830	72
6831	73
6832	72
6833	73
6834	73
6835	72
6836	71
6837	72
6838	71
6839	72
6840	72
6841	73
6842	71
6843	72
6844	71
6845	71
6846	74
6847	71
6848	73
6849	71
6850	74
6851	72
6852	73
6853	71
6854	72
6855	71
6856	71
6857	72
6858	73
6859	72
6860	73
6861	72
6862	73
6863	72
6864	73
6865	72
6866	72
6867	72
6868	73
6869	72
6870	73
6871	71
6872	71
6873	71
6874	71
6875	73
6876	73
6877	72
6878	71
6879	73
6880	72
6881	72
6882	72
6883	71
6884	71
6885	71
6886	72
6887	71
6888	72
6889	71
6890	73
6891	73
6892	71
6893	73
6894	73
6895	73
6896	72
6897	72
6898	73
6899	73
6900	71
6901	74
6902	72
6903	73
6904	72
6905	71
6906	73
6907	72
6908	71
6909	73
6910	73
6911	72
6912	71
6913	71
6914	72
6915	71
6916	72
6917	71
6918	72
6919	71
6920	73
6921	71
6922	72
6923	71
6924	72
6925	72
6926	72
6927	71
6928	71
6929	72
6930	73
6931	71
6932	71
6933	73
6934	71
6935	72
6936	73
6937	73
6938	71
6939	73
6940	71
6941	71
6942	73
6943	71
6944	71
6945	72
6946	72
6947	73
6948	73
6949	72
6950	73
6951	72
6952	73
6953	74
6954	72
6955	72
6956	72
6957	71
6958	72
6959	73
6960	73
6961	73
6962	71
6963	73
6964	71
6965	73
6966	72
6967	71
6968	71
6969	72
6970	72
6971	72
6972	71
6973	71
6974	72
6975	72
6976	72
6977	72
6978	71
6979	72
6980	72
6981	73
6982	73
6983	73
6984	71
6985	73
6986	72
6987	73
6988	71
6989	73
6990	71
6991	72
6992	72
6993	71
6994	71
6995	72
6996	73
6997	71
6998	71
6999	73
7000	72
7001	73
7002	71
7003	73
7004	73
7005	73
7006	74
7007	73
7008	72
7009	72
7010	72
7011	72
7012	72
7013	71
7014	71
7015	72
7016	73
7017	73
7018	72
7019	71
7020	73
7021	72
7022	73
7023	73
7024	73
7025	73
7026	73
7027	73
7028	72
7029	71
7030	73
7031	72
7032	73
7033	73
7034	71
7035	73
7036	72
7037	71
7038	73
7039	73
7040	71
7041	71
7042	72
7043	71
7044	72
7045	71
7046	71
7047	73
7048	71
7049	72
7050	74
7051	71
7052	71
7053	72
7054	71
7055	73
7056	72
7057	73
7058	73
7059	72
7060	72
7061	71
7062	73
7063	71
7064	73
7065	73
7066	72
7067	72
7068	71
7069	74
7070	73
7071	73
7072	72
7073	71
7074	71
7075	73
7076	72
7077	72
7078	73
7079	72
7080	72
7081	71
7082	71
7083	72
7084	72
7085	71
7086	73
7087	72
7088	72
7089	71
7090	73
7091	71
7092	72
7093	73
7094	71
7095	73
7096	71
7097	72
7098	72
7099	71
7100	72
7101	73
7102	73
7103	72
7104	74
7105	72
7106	73
7107	73
7108	72
7109	73
7110	73
7111	73
7112	71
7113	72
7114	74
7115	74
7116	72
7117	73
7118	72
7119	72
7120	72
7121	71
7122	71
7123	72
7124	71
7125	73
7126	73
7127	72
7128	72
7129	73
7130	72
7131	73
7132	71
7133	71
7134	72
7135	72
7136	73
7137	71
7138	72
7139	73
7140	72
7141	72
7142	73
7143	71
7144	71
7145	73
7146	71
7147	73
7148	73
7149	73
7150	72
7151	72
7152	71
7153	73
7154	71
7155	71
7156	71
7157	71
7158	73
7159	72
7160	71
7161	72
7162	73
7163	73
7164	71
7165	72
7166	71
7167	71
7168	73
7169	73
7170	73
7171	73
7172	73
7173	72
7174	72
7175	71
7176	73
7177	72
7178	71
7179	73
7180	72
7181	73
7182	72
7183	73
7184	72
7185	71
7186	73
7187	72
7188	73
7189	72
7190	73
7191	73
7192	73
7193	71
7194	71
7195	71
7196	73
7197	71
7198	71
7199	71
7200	72
7201	71
7202	73
7203	72
7204	73
7205	72
7206	71
7207	72
7208	72
7209	72
7210	72
7211	71
7212	71
7213	72
7214	71
7215	71
7216	72
7217	71
7218	71
7219	71
7220	71
7221	73
7222	73
7223	72
7224	72
7225	72
7226	72
7227	73
7228	72
7229	71
7230	71
7231	72
7232	71
7233	72
7234	72
7235	73
7236	72
7237	73
7238	73
7239	72
7240	71
7241	72
7242	72
7243	73
7244	71
7245	72
7246	72
7247	72
7248	71
7249	73
7250	71
7251	73
7252	74
7253	73
7254	72
7255	71
7256	72
7257	73
7258	71
7259	73
7260	74
7261	71
7262	71
7263	73
7264	71
7265	73
7266	71
7267	74
7268	73
7269	71
7270	71
7271	72
7272	73
7273	73
7274	71
7275	73
7276	72
7277	73
7278	72
7279	71
7280	71
7281	71
7282	73
7283	73
7284	72
7285	73
7286	73
7287	72
7288	71
7289	73
7290	71
7291	73
7292	72
7293	72
7294	71
7295	73
7296	72
7297	72
7298	73
7299	71
7300	72
7301	71
7302	71
7303	71
7304	73
7305	71
7306	73
7307	72
7308	71
7309	71
7310	72
7311	71
7312	72
7313	72
7314	73
7315	72
7316	71
7317	72
7318	71
7319	71
7320	72
7321	73
7322	71
7323	73
7324	72
7325	71
7326	71
7327	72
7328	73
7329	71
7330	73
7331	73
7332	71
7333	71
7334	73
7335	72
7336	71
7337	72
7338	73
7339	72
7340	71
7341	73
7342	71
7343	73
7344	71
7345	72
7346	72
7347	72
7348	71
7349	74
7350	71
7351	72
7352	73
7353	73
7354	73
7355	73
7356	72
7357	71
7358	73
7359	71
7360	71
7361	72
7362	71
7363	73
7364	71
7365	72
7366	71
7367	72
7368	71
7369	72
7370	73
7371	71
7372	72
7373	72
7374	71
7375	73
7376	71
7377	73
7378	71
7379	71
7380	73
7381	71
7382	71
7383	71
7384	73
7385	73
7386	72
7387	73
7388	72
7389	71
7390	72
7391	72
7392	73
7393	73
7394	71
7395	73
7396	72
7397	73
7398	72
7399	71
7400	72
7401	73
7402	73
7403	71
7404	71
7405	72
7406	71
7407	72
7408	71
7409	71
7410	71
7411	71
7412	71
7413	71
7414	71
7415	72
7416	73
7417	73
7418	73
7419	71
7420	72
7421	71
7422	73
7423	73
7424	72
7425	73
7426	73
7427	73
7428	73
7429	72
7430	73
7431	72
7432	72
7433	71
7434	73
7435	73
7436	73
7437	71
7438	71
7439	73
7440	73
7441	71
7442	73
7443	72
7444	71
7445	73
7446	72
7447	72
7448	73
7449	72
7450	71
7451	72
7452	72
7453	71
7454	71
7455	72
7456	71
7457	73
7458	71
7459	72
7460	72
7461	71
7462	73
7463	73
7464	71
7465	71
7466	73
7467	71
7468	73
7469	73
7470	72
7471	74
7472	71
7473	71
7474	71
7475	72
7476	72
7477	72
7478	72
7479	72
7480	72
7481	72
7482	73
7483	71
7484	72
7485	72
7486	72
7487	72
7488	73
7489	71
7490	71
7491	71
7492	73
7493	71
7494	71
7495	72
7496	71
7497	71
7498	71
7499	71
7500	72
7501	72
7502	71
7503	71
7504	73
7505	72
7506	71
7507	72
7508	73
7509	72
7510	73
7511	73
7512	71
7513	72
7514	73
7515	71
7516	72
7517	71
7518	73
7519	71
7520	71
7521	72
7522	71
7523	72
7524	73
7525	72
7526	73
7527	73
7528	71
7529	72
7530	71
7531	72
7532	71
7533	73
7534	71
7535	73
7536	73
7537	73
7538	73
7539	73
7540	71
7541	73
7542	71
7543	73
7544	72
7545	71
7546	72
7547	73
7548	71
7549	72
7550	71
7551	73
7552	71
7553	72
7554	71
7555	73
7556	71
7557	73
7558	73
7559	73
7560	73
7561	72
7562	74
7563	73
7564	72
7565	73
7566	71
7567	74
7568	73
7569	73
7570	71
7571	72
7572	71
7573	71
7574	72
7575	71
7576	71
7577	73
7578	72
7579	73
7580	73
7581	73
7582	72
7583	73
7584	72
7585	72
7586	73
7587	73
7588	71
7589	73
7590	72
7591	73
7592	73
7593	73
7594	71
7595	73
7596	73
7597	72
7598	72
7599	72
7600	72
7601	73
7602	73
7603	71
7604	72
7605	72
7606	73
7607	71
7608	73
7609	73
7610	71
7611	71
7612	73
7613	72
7614	71
7615	71
7616	73
7617	72
7618	73
7619	71
7620	71
7621	72
7622	73
7623	72
7624	73
7625	72
7626	72
7627	73
7628	73
7629	72
7630	72
7631	71
7632	71
7633	71
7634	71
7635	73
7636	73
7637	73
7638	72
7639	71
7640	71
7641	71
7642	73
7643	73
7644	71
7645	72
7646	72
7647	73
7648	71
7649	72
7650	72
7651	72
7652	71
7653	73
7654	71
7655	73
7656	71
7657	71
7658	73
7659	71
7660	71
7661	73
7662	73
7663	72
7664	73
7665	71
7666	73
7667	71
7668	71
7669	73
7670	72
7671	71
7672	71
7673	71
7674	71
7675	71
7676	72
7677	73
7678	72
7679	71
7680	71
7681	71
7682	73
7683	72
7684	71
7685	71
7686	72
7687	71
7688	72
7689	73
7690	72
7691	73
7692	71
7693	71
7694	73
7695	71
7696	73
7697	71
7698	73
7699	73
7700	72
7701	71
7702	73
7703	71
7704	72
7705	72
7706	72
7707	71
7708	73
7709	71
7710	71
7711	73
7712	71
7713	73
7714	71
7715	71
7716	71
7717	72
7718	71
7719	73
7720	72
7721	72
7722	73
7723	72
7724	73
7725	73
7726	71
7727	73
7728	73
7729	72
7730	71
7731	73
7732	71
7733	71
7734	71
7735	72
7736	71
7737	71
7738	72
7739	73
7740	71
7741	73
7742	72
7743	74
7744	71
7745	71
7746	73
7747	71
7748	72
7749	72
7750	71
7751	71
7752	72
7753	72
7754	71
7755	71
7756	73
7757	74
7758	72
7759	71
7760	72
7761	72
7762	72
7763	73
7764	72
7765	72
7766	74
7767	71
7768	73
7769	71
7770	72
7771	71
7772	71
7773	71
7774	72
7775	73
7776	73
7777	72
7778	71
7779	73
7780	72
7781	73
7782	73
7783	73
7784	71
7785	72
7786	73
7787	73
7788	71
7789	71
7790	71
7791	72
7792	71
7793	71
7794	71
7795	71
7796	72
7797	71
7798	73
7799	73
7800	71
7801	71
7802	73
7803	73
7804	73
7805	71
7806	72
7807	71
7808	73
7809	72
7810	71
7811	71
7812	72
7813	73
7814	71
7815	73
7816	71
7817	73
7818	71
7819	71
7820	73
7821	74
7822	71
7823	73
7824	73
7825	71
7826	73
7827	73
7828	72
7829	71
7830	73
7831	72
7832	73
7833	71
7834	72
7835	72
7836	71
7837	71
7838	73
7839	73
7840	71
7841	72
7842	74
7843	73
7844	73
7845	73
7846	72
7847	71
7848	73
7849	71
7850	71
7851	71
7852	72
7853	71
7854	72
7855	73
7856	73
7857	71
7858	73
7859	72
7860	73
7861	71
7862	72
7863	74
7864	73
7865	71
7866	72
7867	71
7868	72
7869	71
7870	73
7871	72
7872	73
7873	72
7874	71
7875	72
7876	71
7877	73
7878	73
7879	73
7880	72
7881	72
7882	71
7883	71
7884	73
7885	71
7886	73
7887	74
7888	71
7889	72
7890	71
7891	72
7892	72
7893	72
7894	73
7895	71
7896	73
7897	72
7898	72
7899	73
7900	71
7901	71
7902	73
7903	73
7904	72
7905	72
7906	72
7907	71
7908	73
7909	73
7910	72
7911	73
7912	73
7913	72
7914	72
7915	72
7916	72
7917	71
7918	73
7919	71
7920	71
7921	71
7922	73
7923	73
7924	71
7925	73
7926	72
7927	72
7928	72
7929	72
7930	71
7931	72
7932	72
7933	73
7934	73
7935	73
7936	73
7937	71
7938	73
7939	73
7940	71
7941	71
7942	73
7943	72
7944	72
7945	71
7946	71
7947	71
7948	72
7949	72
7950	71
7951	71
7952	73
7953	71
7954	72
7955	73
7956	73
7957	72
7958	72
7959	73
7960	72
7961	71
7962	71
7963	73
7964	73
7965	71
7966	72
7967	73
7968	73
7969	71
7970	71
7971	72
7972	71
7973	74
7974	72
7975	71
7976	71
7977	71
7978	71
7979	72
7980	73
7981	72
7982	71
7983	73
7984	72
7985	71
7986	73
7987	74
7988	71
7989	73
7990	71
7991	71
7992	72
7993	71
7994	73
7995	72
7996	71
7997	71
7998	72
7999	73
8000	71
8001	74
8002	71
8003	72
8004	73
8005	74
8006	73
8007	71
8008	72
8009	73
8010	71
8011	71
8012	71
8013	73
8014	71
8015	72
8016	73
8017	73
8018	72
8019	72
8020	72
8021	71
8022	73
8023	72
8024	73
8025	73
8026	73
8027	73
8028	71
8029	73
8030	73
8031	71
8032	71
8033	73
8034	71
8035	71
8036	72
8037	71
8038	72
8039	71
8040	71
8041	71
8042	72
8043	71
8044	71
8045	72
8046	71
8047	73
8048	73
8049	73
8050	72
8051	71
8052	71
8053	71
8054	71
8055	71
8056	72
8057	71
8058	73
8059	71
8060	73
8061	73
8062	71
8063	73
8064	72
8065	71
8066	73
8067	71
8068	72
8069	71
8070	73
8071	71
8072	71
8073	73
8074	71
8075	71
8076	71
8077	71
8078	73
8079	72
8080	71
8081	71
8082	73
8083	71
8084	73
8085	72
8086	71
8087	72
8088	72
8089	73
8090	73
8091	72
8092	72
8093	71
8094	73
8095	72
8096	72
8097	71
8098	71
8099	73
8100	71
8101	72
8102	72
8103	71
8104	73
8105	71
8106	71
8107	71
8108	71
8109	73
8110	71
8111	73
8112	72
8113	73
8114	72
8115	73
8116	72
8117	72
8118	72
8119	71
8120	72
8121	71
8122	71
8123	73
8124	73
8125	73
8126	72
8127	72
8128	72
8129	71
8130	72
8131	72
8132	71
8133	72
8134	71
8135	71
8136	72
8137	73
8138	73
8139	73
8140	73
8141	73
8142	71
8143	73
8144	72
8145	73
8146	72
8147	71
8148	73
8149	73
8150	71
8151	73
8152	73
8153	71
8154	73
8155	72
8156	72
8157	72
8158	73
8159	71
8160	71
8161	74
8162	73
8163	71
8164	72
8165	71
8166	71
8167	71
8168	72
8169	73
8170	73
8171	71
8172	71
8173	72
8174	71
8175	73
8176	72
8177	72
8178	71
8179	72
8180	73
8181	72
8182	71
8183	72
8184	73
8185	73
8186	72
8187	71
8188	71
8189	71
8190	72
8191	71
8192	72
8193	72
8194	73
8195	72
8196	73
8197	71
8198	71
8199	74
8200	72
8201	71
8202	71
8203	72
8204	71
8205	73
8206	72
8207	73
8208	73
8209	71
8210	72
8211	72
8212	71
8213	72
8214	73
8215	73
8216	71
8217	73
8218	73
8219	71
8220	73
8221	73
8222	72
8223	72
8224	71
8225	72
8226	72
8227	73
8228	73
8229	71
8230	72
8231	72
8232	71
8233	72
8234	72
8235	72
8236	72
8237	73
8238	72
8239	71
8240	73
8241	72
8242	72
8243	72
8244	73
8245	73
8246	73
8247	73
8248	71
8249	71
8250	71
8251	73
8252	72
8253	73
8254	71
8255	72
8256	71
8257	71
8258	73
8259	73
8260	73
8261	71
8262	71
8263	71
8264	71
8265	73
8266	71
8267	71
8268	71
8269	72
8270	72
8271	73
8272	73
8273	73
8274	73
8275	71
8276	73
8277	73
8278	71
8279	72
8280	71
8281	73
8282	72
8283	73
8284	73
8285	71
8286	72
8287	73
8288	71
8289	72
8290	72
8291	71
8292	72
8293	73
8294	73
8295	71
8296	71
8297	73
8298	73
8299	72
8300	71
8301	71
8302	71
8303	71
8304	74
8305	73
8306	72
8307	72
8308	72
8309	71
8310	71
8311	71
8312	72
8313	74
8314	71
8315	71
8316	73
8317	71
8318	71
8319	73
8320	71
8321	72
8322	73
8323	71
8324	73
8325	71
8326	72
8327	73
8328	73
8329	71
8330	72
8331	72
8332	72
8333	72
8334	73
8335	73
8336	73
8337	73
8338	72
8339	71
8340	71
8341	72
8342	73
8343	71
8344	71
8345	73
8346	72
8347	73
8348	73
8349	72
8350	72
8351	73
8352	71
8353	73
8354	72
8355	71
8356	72
8357	71
8358	72
8359	71
8360	72
8361	73
8362	72
8363	72
8364	72
8365	71
8366	73
8367	73
8368	71
8369	71
8370	73
8371	73
8372	71
8373	71
8374	71
8375	71
8376	73
8377	73
8378	73
8379	71
8380	71
8381	72
8382	72
8383	72
8384	72
8385	72
8386	73
8387	71
8388	71
8389	71
8390	72
8391	73
8392	71
8393	71
8394	71
8395	71
8396	72
8397	72
8398	73
8399	73
8400	73
8401	72
8402	72
8403	71
8404	72
8405	73
8406	71
8407	72
8408	73
8409	71
8410	71
8411	72
8412	73
8413	72
8414	73
8415	72
8416	71
8417	72
8418	73
8419	71
8420	72
8421	72
8422	73
8423	72
8424	72
8425	72
8426	73
8427	72
8428	71
8429	73
8430	73
8431	72
8432	72
8433	73
8434	72
8435	71
8436	73
8437	73
8438	71
8439	71
8440	72
8441	73
8442	73
8443	73
8444	73
8445	73
8446	72
8447	71
8448	71
8449	72
8450	73
8451	72
8452	73
8453	71
8454	72
8455	71
8456	72
8457	71
8458	71
8459	73
8460	72
8461	72
8462	73
8463	72
8464	71
8465	72
8466	72
8467	73
8468	72
8469	73
8470	72
8471	71
8472	71
8473	73
8474	73
8475	72
8476	73
8477	73
8478	71
8479	73
8480	72
8481	71
8482	73
8483	73
8484	71
8485	71
8486	73
8487	73
8488	74
8489	73
8490	72
8491	71
8492	72
8493	72
8494	73
8495	71
8496	73
8497	71
8498	71
8499	72
8500	72
8501	72
8502	73
8503	72
8504	71
8505	71
8506	72
8507	71
8508	73
8509	71
8510	73
8511	73
8512	72
8513	71
8514	72
8515	71
8516	72
8517	73
8518	73
8519	72
8520	71
8521	71
8522	72
8523	73
8524	71
8525	72
8526	73
8527	72
8528	73
8529	71
8530	72
8531	72
8532	72
8533	72
8534	73
8535	71
8536	71
8537	71
8538	74
8539	73
8540	71
8541	73
8542	71
8543	73
8544	71
8545	73
8546	72
8547	72
8548	72
8549	71
8550	71
8551	71
8552	71
8553	73
8554	73
8555	71
8556	73
8557	73
8558	72
8559	72
8560	71
8561	73
8562	73
8563	71
8564	71
8565	71
8566	71
8567	73
8568	72
8569	73
8570	71
8571	72
8572	73
8573	73
8574	72
8575	72
8576	72
8577	72
8578	73
8579	73
8580	71
8581	71
8582	72
8583	71
8584	73
8585	73
8586	73
8587	71
8588	71
8589	72
8590	73
8591	71
8592	71
8593	71
8594	72
8595	71
8596	71
8597	72
8598	73
8599	73
8600	71
8601	72
8602	72
8603	71
8604	72
8605	72
8606	72
8607	73
8608	72
8609	73
8610	72
8611	72
8612	72
8613	73
8614	71
8615	72
8616	72
8617	72
8618	71
8619	73
8620	71
8621	71
8622	71
8623	72
8624	73
8625	71
8626	72
8627	73
8628	72
8629	72
8630	72
8631	71
8632	71
8633	73
8634	71
8635	73
8636	71
8637	73
8638	71
8639	73
8640	71
8641	73
8642	73
8643	73
8644	71
8645	71
8646	71
8647	72
8648	73
8649	71
8650	72
8651	73
8652	72
8653	72
8654	71
8655	71
8656	71
8657	73
8658	71
8659	73
8660	72
8661	71
8662	73
8663	71
8664	73
8665	71
8666	72
8667	72
8668	73
8669	73
8670	71
8671	71
8672	71
8673	71
8674	73
8675	71
8676	73
8677	71
8678	71
8679	71
8680	73
8681	71
8682	73
8683	73
8684	73
8685	72
8686	72
8687	73
8688	72
8689	72
8690	73
8691	71
8692	72
8693	73
8694	71
8695	73
8696	73
8697	71
8698	73
8699	72
8700	71
8701	72
8702	71
8703	71
8704	73
8705	71
8706	72
8707	72
8708	72
8709	71
8710	71
8711	73
8712	71
8713	71
8714	71
8715	71
8716	73
8717	73
8718	71
8719	71
8720	71
8721	71
8722	71
8723	73
8724	71
8725	73
8726	73
8727	71
8728	71
8729	71
8730	71
8731	72
8732	71
8733	71
8734	72
8735	72
8736	73
8737	73
8738	71
8739	71
8740	73
8741	72
8742	71
8743	71
8744	73
8745	72
8746	72
8747	71
8748	72
8749	73
8750	71
8751	73
8752	72
8753	72
8754	71
8755	73
8756	71
8757	71
8758	73
8759	71
8760	71
8761	71
8762	72
8763	73
8764	71
8765	73
8766	71
8767	74
8768	71
8769	71
8770	72
8771	71
8772	72
8773	73
8774	73
8775	73
8776	74
8777	71
8778	73
8779	71
8780	71
8781	72
8782	71
8783	73
8784	72
8785	72
8786	73
8787	73
8788	72
8789	71
8790	72
8791	73
8792	72
8793	73
8794	72
8795	74
8796	72
8797	73
8798	74
8799	73
8800	71
8801	71
8802	72
8803	71
8804	72
8805	71
8806	73
8807	73
8808	73
8809	71
8810	72
8811	71
8812	73
8813	71
8814	72
8815	73
8816	73
8817	73
8818	73
8819	73
8820	73
8821	72
8822	73
8823	72
8824	71
8825	71
8826	72
8827	71
8828	73
8829	72
8830	74
8831	73
8832	72
8833	74
8834	71
8835	74
8836	71
8837	71
8838	73
8839	71
8840	71
8841	71
8842	74
8843	73
8844	73
8845	72
8846	73
8847	73
8848	71
8849	73
8850	72
8851	72
8852	72
8853	71
8854	73
8855	72
8856	73
8857	71
8858	73
8859	71
8860	73
8861	72
8862	72
8863	72
8864	71
8865	73
8866	71
8867	73
8868	71
8869	73
8870	71
8871	71
8872	72
8873	73
8874	74
8875	73
8876	72
8877	71
8878	73
8879	72
8880	72
8881	71
8882	71
8883	72
8884	72
8885	73
8886	71
8887	73
8888	73
8889	71
8890	73
8891	72
8892	71
8893	71
8894	74
8895	71
8896	72
8897	71
8898	71
8899	73
8900	72
8901	72
8902	71
8903	73
8904	73
8905	73
8906	71
8907	73
8908	71
8909	72
8910	73
8911	73
8912	72
8913	71
8914	72
8915	73
8916	72
8917	73
8918	71
8919	73
8920	73
8921	72
8922	73
8923	73
8924	73
8925	72
8926	71
8927	71
8928	71
8929	73
8930	71
8931	73
8932	71
8933	73
8934	71
8935	73
8936	71
8937	71
8938	73
8939	73
8940	73
8941	71
8942	72
8943	72
8944	73
8945	73
8946	72
8947	71
8948	71
8949	72
8950	73
8951	71
8952	72
8953	71
8954	71
8955	71
8956	71
8957	71
8958	72
8959	73
8960	74
8961	72
8962	72
8963	72
8964	71
8965	71
8966	71
8967	72
8968	71
8969	73
8970	73
8971	73
8972	71
8973	71
8974	72
8975	71
8976	73
8977	71
8978	74
8979	71
8980	73
8981	73
8982	73
8983	71
8984	71
8985	72
8986	71
8987	71
8988	72
8989	72
8990	73
8991	73
8992	71
8993	73
8994	71
8995	72
8996	73
8997	72
8998	73
8999	72
9000	72
9001	73
9002	71
9003	73
9004	71
9005	74
9006	71
9007	72
9008	71
9009	73
9010	73
9011	71
9012	71
9013	71
9014	72
9015	72
9016	72
9017	72
9018	72
9019	73
9020	72
9021	72
9022	72
9023	72
9024	74
9025	72
9026	74
9027	71
9028	71
9029	71
9030	73
9031	72
9032	71
9033	72
9034	71
9035	73
9036	71
9037	72
9038	72
9039	72
9040	73
9041	71
9042	73
9043	72
9044	73
9045	71
9046	71
9047	71
9048	71
9049	71
9050	73
9051	72
9052	71
9053	71
9054	71
9055	72
9056	71
9057	71
9058	72
9059	71
9060	72
9061	73
9062	71
9063	71
9064	73
9065	73
9066	73
9067	72
9068	71
9069	73
9070	73
9071	73
9072	71
9073	73
9074	71
9075	73
9076	71
9077	71
9078	72
9079	73
9080	72
9081	71
9082	73
9083	72
9084	72
9085	72
9086	73
9087	73
9088	71
9089	72
9090	71
9091	71
9092	73
9093	73
9094	73
9095	72
9096	71
9097	73
9098	72
9099	73
9100	73
9101	73
9102	71
9103	71
9104	72
9105	73
9106	73
9107	73
9108	73
9109	71
9110	73
9111	73
9112	71
9113	73
9114	72
9115	72
9116	71
9117	73
9118	71
9119	74
9120	71
9121	72
9122	73
9123	72
9124	72
9125	71
9126	73
9127	72
9128	72
9129	72
9130	72
9131	72
9132	72
9133	71
9134	71
9135	71
9136	71
9137	73
9138	72
9139	71
9140	73
9141	73
9142	73
9143	73
9144	73
9145	73
9146	73
9147	72
9148	73
9149	71
9150	72
9151	72
9152	72
9153	73
9154	71
9155	73
9156	71
9157	71
9158	72
9159	72
9160	72
9161	72
9162	73
9163	72
9164	73
9165	73
9166	73
9167	73
9168	73
9169	72
9170	73
9171	71
9172	73
9173	71
9174	71
9175	71
9176	71
9177	72
9178	72
9179	71
9180	71
9181	73
9182	73
9183	73
9184	73
9185	71
9186	72
9187	71
9188	71
9189	73
9190	72
9191	73
9192	72
9193	73
9194	71
9195	71
9196	71
9197	72
9198	71
9199	72
9200	71
9201	71
9202	72
9203	71
9204	71
9205	72
9206	72
9207	71
9208	72
9209	71
9210	72
9211	71
9212	73
9213	71
9214	72
9215	73
9216	72
9217	71
9218	72
9219	73
9220	72
9221	74
9222	72
9223	71
9224	73
9225	72
9226	71
9227	71
9228	73
9229	72
9230	72
9231	73
9232	71
9233	72
9234	73
9235	73
9236	72
9237	72
9238	71
9239	71
9240	73
9241	72
9242	72
9243	71
9244	72
9245	73
9246	71
9247	71
9248	73
9249	73
9250	72
9251	72
9252	73
9253	73
9254	73
9255	72
9256	73
9257	71
9258	73
9259	73
9260	73
9261	71
9262	73
9263	71
9264	73
9265	73
9266	73
9267	73
9268	71
9269	72
9270	73
9271	71
9272	73
9273	71
9274	73
9275	72
9276	71
9277	71
9278	73
9279	73
9280	73
9281	71
9282	72
9283	72
9284	72
9285	71
9286	71
9287	72
9288	72
9289	73
9290	71
9291	74
9292	71
9293	72
9294	71
9295	71
9296	71
9297	73
9298	73
9299	73
9300	71
9301	73
9302	72
9303	72
9304	73
9305	72
9306	72
9307	73
9308	73
9309	72
9310	72
9311	71
9312	71
9313	71
9314	73
9315	71
9316	71
9317	71
9318	72
9319	71
9320	71
9321	73
9322	73
9323	73
9324	71
9325	71
9326	71
9327	71
9328	71
9329	71
9330	71
9331	73
9332	71
9333	71
9334	72
9335	71
9336	72
9337	73
9338	71
9339	71
9340	73
9341	73
9342	72
9343	72
9344	72
9345	71
9346	71
9347	71
9348	72
9349	72
9350	72
9351	72
9352	72
9353	72
9354	73
9355	73
9356	73
9357	73
9358	72
9359	71
9360	74
9361	72
9362	74
9363	73
9364	73
9365	73
9366	72
9367	72
9368	72
9369	71
9370	72
9371	71
9372	73
9373	72
9374	72
9375	72
9376	72
9377	72
9378	73
9379	71
9380	73
9381	72
9382	72
9383	71
9384	72
9385	73
9386	72
9387	71
9388	71
9389	71
9390	73
9391	71
9392	73
9393	72
9394	73
9395	71
9396	73
9397	73
9398	71
9399	73
9400	72
9401	72
9402	71
9403	71
9404	71
9405	71
9406	71
9407	71
9408	72
9409	72
9410	72
9411	73
9412	72
9413	71
9414	71
9415	72
9416	72
9417	71
9418	73
9419	72
9420	72
9421	72
9422	72
9423	71
9424	72
9425	73
9426	71
9427	72
9428	72
9429	72
9430	71
9431	71
9432	73
9433	72
9434	73
9435	72
9436	72
9437	72
9438	71
9439	71
9440	72
9441	72
9442	73
9443	73
9444	71
9445	72
9446	73
9447	72
9448	73
9449	74
9450	72
9451	71
9452	73
9453	71
9454	72
9455	73
9456	71
9457	72
9458	72
9459	72
9460	72
9461	73
9462	72
9463	71
9464	71
9465	72
9466	73
9467	72
9468	73
9469	73
9470	72
9471	71
9472	71
9473	71
9474	71
9475	71
9476	73
9477	73
9478	72
9479	71
9480	72
9481	72
9482	72
9483	71
9484	72
9485	71
9486	73
9487	72
9488	72
9489	73
9490	71
9491	73
9492	73
9493	73
9494	71
9495	72
9496	73
9497	73
9498	72
9499	71
9500	73
9501	72
9502	73
9503	71
9504	73
9505	71
9506	73
9507	73
9508	71
9509	73
9510	71
9511	73
9512	72
9513	71
9514	71
9515	73
9516	73
9517	71
9518	71
9519	71
9520	72
9521	73
9522	72
9523	71
9524	71
9525	71
9526	73
9527	73
9528	73
9529	72
9530	71
9531	72
9532	72
9533	72
9534	71
9535	72
9536	72
9537	73
9538	73
9539	72
9540	72
9541	72
9542	73
9543	72
9544	71
9545	73
9546	71
9547	71
9548	73
9549	73
9550	72
9551	72
9552	71
9553	73
9554	71
9555	72
9556	73
9557	73
9558	72
9559	72
9560	73
9561	73
9562	72
9563	71
9564	72
9565	71
9566	71
9567	73
9568	71
9569	72
9570	72
9571	72
9572	74
9573	71
9574	73
9575	73
9576	73
9577	74
9578	73
9579	72
9580	72
9581	72
9582	72
9583	72
9584	72
9585	72
9586	72
9587	73
9588	72
9589	71
9590	71
9591	73
9592	71
9593	71
9594	73
9595	73
9596	71
9597	72
9598	72
9599	72
9600	73
9601	73
9602	71
9603	72
9604	72
9605	72
9606	71
9607	72
9608	72
9609	71
9610	72
9611	72
9612	71
9613	73
9614	72
9615	73
9616	72
9617	72
9618	73
9619	71
9620	71
9621	71
9622	73
9623	74
9624	73
9625	74
9626	71
9627	72
9628	73
9629	72
9630	72
9631	72
9632	71
9633	73
9634	73
9635	72
9636	73
9637	71
9638	71
9639	71
9640	72
9641	71
9642	73
9643	71
9644	71
9645	72
9646	74
9647	71
9648	73
9649	71
9650	72
9651	73
9652	71
9653	71
9654	71
9655	71
9656	71
9657	72
9658	71
9659	71
9660	72
9661	72
9662	71
9663	71
9664	73
9665	71
9666	72
9667	71
9668	72
9669	73
9670	73
9671	73
9672	73
9673	71
9674	71
9675	73
9676	71
9677	71
9678	73
9679	73
9680	72
9681	72
9682	73
9683	72
9684	71
9685	72
9686	73
9687	71
9688	71
9689	73
9690	73
9691	71
9692	73
9693	72
9694	72
9695	72
9696	73
9697	72
9698	71
9699	71
9700	73
9701	73
9702	71
9703	71
9704	71
9705	72
9706	73
9707	71
9708	73
9709	74
9710	71
9711	72
9712	71
9713	72
9714	71
9715	71
9716	72
9717	73
9718	72
9719	71
9720	71
9721	71
9722	72
9723	71
9724	71
9725	73
9726	72
9727	72
9728	72
9729	72
9730	73
9731	72
9732	73
9733	73
9734	71
9735	72
9736	72
9737	72
9738	73
9739	71
9740	73
9741	73
9742	71
9743	71
9744	73
9745	73
9746	71
9747	72
9748	73
9749	71
9750	73
9751	73
9752	72
9753	73
9754	71
9755	72
9756	71
9757	72
9758	71
9759	71
9760	73
9761	71
9762	71
9763	73
9764	73
9765	71
9766	72
9767	73
9768	72
9769	71
9770	73
9771	71
9772	71
9773	71
9774	73
9775	71
9776	73
9777	73
9778	71
9779	71
9780	72
9781	73
9782	73
9783	73
9784	71
9785	73
9786	73
9787	73
9788	71
9789	71
9790	72
9791	72
9792	71
9793	71
9794	71
9795	73
9796	73
9797	72
9798	71
9799	72
9800	73
9801	71
9802	71
9803	71
9804	72
9805	71
9806	72
9807	72
9808	71
9809	71
9810	72
9811	71
9812	71
9813	73
9814	71
9815	73
9816	73
9817	71
9818	73
9819	71
9820	71
9821	74
9822	72
9823	74
9824	73
9825	71
9826	71
9827	73
9828	71
9829	73
9830	73
9831	72
9832	71
9833	72
9834	71
9835	72
9836	71
9837	72
9838	73
9839	71
9840	71
9841	73
9842	72
9843	72
9844	72
9845	73
9846	72
9847	72
9848	72
9849	73
9850	73
9851	73
9852	71
9853	71
9854	71
9855	71
9856	73
9857	73
9858	71
9859	71
9860	72
9861	71
9862	71
9863	73
9864	73
9865	72
9866	73
9867	73
9868	71
9869	73
9870	73
9871	74
9872	71
9873	71
9874	71
9875	71
9876	73
9877	71
9878	71
9879	73
9880	72
9881	73
9882	73
9883	73
9884	73
9885	71
9886	72
9887	72
9888	73
9889	74
9890	71
9891	71
9892	72
9893	71
9894	73
9895	73
9896	73
9897	71
9898	71
9899	72
9900	73
9901	71
9902	71
9903	73
9904	72
9905	71
9906	73
9907	71
9908	72
9909	73
9910	72
9911	71
9912	71
9913	73
9914	73
9915	72
9916	71
9917	72
9918	72
9919	71
9920	71
9921	71
9922	72
9923	71
9924	72
9925	71
9926	72
9927	72
9928	73
9929	73
9930	71
9931	71
9932	71
9933	71
9934	72
9935	73
9936	72
9937	73
9938	73
9939	72
9940	72
9941	73
9942	73
9943	71
9944	73
9945	71
9946	71
9947	71
9948	72
9949	71
9950	71
9951	73
9952	71
9953	72
9954	72
9955	73
9956	72
9957	72
9958	71
9959	73
9960	73
9961	72
9962	73
9963	71
9964	73
9965	72
9966	73
9967	72
9968	71
9969	73
9970	73
9971	71
9972	71
9973	73
9974	71
9975	72
9976	71
9977	71
9978	71
9979	73
9980	71
9981	72
9982	72
9983	71
9984	72
9985	73
9986	71
9987	71
9988	71
9989	73
9990	71
9991	72
9992	72
9993	71
9994	71
9995	71
9996	73
9997	72
9998	73
9999	73
10000	71
10001	73
10002	71
10003	71
10004	72
10005	73
10006	71
10007	73
10008	72
10009	73
10010	73
10011	71
10012	72
10013	71
10014	73
10015	72
10016	72
10017	73
10018	73
10019	71
10020	73
10021	73
10022	71
10023	72
10024	73
10025	73
10026	73
10027	71
10028	73
10029	74
10030	71
10031	72
10032	71
10033	72
10034	73
10035	72
10036	73
10037	71
10038	74
10039	71
10040	71
10041	72
10042	74
10043	72
10044	73
10045	73
10046	72
10047	74
10048	73
10049	72
10050	73
10051	71
10052	73
10053	73
10054	73
10055	73
10056	73
10057	73
10058	72
10059	72
10060	73
10061	71
10062	71
10063	71
10064	71
10065	72
10066	73
10067	72
10068	71
10069	73
10070	72
10071	71
10072	71
10073	71
10074	74
10075	72
10076	72
10077	71
10078	71
10079	72
10080	71
10081	73
10082	72
10083	73
10084	71
10085	73
10086	71
10087	71
10088	73
10089	73
10090	73
10091	73
10092	71
10093	73
10094	71
10095	72
10096	72
10097	72
10098	73
10099	71
10100	73
10101	72
10102	72
10103	72
10104	72
10105	73
10106	73
10107	71
10108	71
10109	71
10110	72
10111	71
10112	73
10113	72
10114	73
10115	71
10116	72
10117	73
10118	71
10119	73
10120	71
10121	71
10122	72
10123	72
10124	73
10125	73
10126	73
10127	71
10128	73
10129	73
10130	71
10131	71
10132	72
10133	73
10134	71
10135	72
10136	72
10137	71
10138	72
10139	72
10140	71
10141	72
10142	73
10143	71
10144	73
10145	73
10146	71
10147	72
10148	71
10149	73
10150	72
10151	73
10152	73
10153	73
10154	73
10155	73
10156	71
10157	71
10158	73
10159	73
10160	73
10161	72
10162	73
10163	71
10164	71
10165	73
10166	71
10167	72
10168	71
10169	72
10170	71
10171	71
10172	71
10173	72
10174	72
10175	73
10176	71
10177	71
10178	71
10179	71
10180	72
10181	72
10182	71
10183	72
10184	73
10185	72
10186	72
10187	71
10188	71
10189	72
10190	72
10191	73
10192	72
10193	74
10194	71
10195	72
10196	73
10197	72
10198	71
10199	73
10200	72
10201	73
10202	72
10203	71
10204	72
10205	71
10206	71
10207	73
10208	72
10209	73
10210	73
10211	73
10212	72
10213	73
10214	71
10215	71
10216	72
10217	71
10218	72
10219	71
10220	72
10221	71
10222	71
10223	72
10224	73
10225	72
10226	71
10227	73
10228	72
10229	71
10230	73
10231	72
10232	72
10233	71
10234	71
10235	72
10236	73
10237	72
10238	72
10239	72
10240	73
10241	73
10242	73
10243	72
10244	71
10245	73
10246	72
10247	72
10248	73
10249	71
10250	71
10251	72
10252	73
10253	72
10254	71
10255	73
10256	71
10257	73
10258	71
10259	71
10260	73
10261	71
10262	73
10263	71
10264	71
10265	71
10266	73
10267	73
10268	71
10269	72
10270	73
10271	73
10272	72
10273	71
10274	73
10275	73
10276	73
10277	71
10278	73
10279	71
10280	71
10281	71
10282	72
10283	72
10284	73
10285	71
10286	73
10287	73
10288	71
10289	73
10290	73
10291	72
10292	71
10293	71
10294	73
10295	71
10296	72
10297	73
10298	72
10299	72
10300	72
10301	71
10302	71
10303	71
10304	71
10305	71
10306	72
10307	71
10308	73
10309	73
10310	72
10311	73
10312	71
10313	73
10314	74
10315	73
10316	72
10317	72
10318	73
10319	71
10320	73
10321	73
10322	72
10323	74
10324	71
10325	72
10326	72
10327	71
10328	71
10329	73
10330	72
10331	71
10332	71
10333	73
10334	72
10335	73
10336	71
10337	72
10338	71
10339	73
10340	72
10341	71
10342	71
10343	73
10344	71
10345	73
10346	72
10347	73
10348	72
10349	71
10350	71
10351	73
10352	71
10353	71
10354	71
10355	72
10356	72
10357	72
10358	71
10359	74
10360	71
10361	71
10362	71
10363	71
10364	74
10365	74
10366	71
10367	71
10368	73
10369	72
10370	73
10371	71
10372	72
10373	73
10374	72
10375	72
10376	72
10377	71
10378	71
10379	72
10380	73
10381	73
10382	71
10383	72
10384	74
10385	73
10386	71
10387	71
10388	72
10389	72
10390	73
10391	72
10392	73
10393	72
10394	71
10395	71
10396	72
10397	72
10398	73
10399	72
10400	73
10401	71
10402	73
10403	72
10404	71
10405	71
10406	71
10407	71
10408	72
10409	73
10410	72
10411	72
10412	71
10413	72
10414	72
10415	71
10416	72
10417	73
10418	72
10419	72
10420	71
10421	71
10422	71
10423	72
10424	71
10425	73
10426	73
10427	73
10428	73
10429	74
10430	73
10431	71
10432	73
10433	73
10434	74
10435	73
10436	71
10437	71
10438	71
10439	73
10440	72
10441	71
10442	71
10443	73
10444	71
10445	71
10446	71
10447	71
10448	71
10449	71
10450	71
10451	72
10452	71
10453	73
10454	71
10455	73
10456	73
10457	72
10458	71
10459	71
10460	72
10461	71
10462	72
10463	73
10464	73
10465	71
10466	72
10467	71
10468	71
10469	73
10470	72
10471	72
10472	72
10473	73
10474	72
10475	72
10476	73
10477	72
10478	73
10479	72
10480	73
10481	73
10482	72
10483	72
10484	72
10485	73
10486	73
10487	72
10488	71
10489	71
10490	72
10491	71
10492	71
10493	72
10494	72
10495	72
10496	71
10497	71
10498	72
10499	73
10500	74
10501	73
10502	71
10503	73
10504	73
10505	73
10506	72
10507	73
10508	71
10509	71
10510	72
10511	71
10512	73
10513	73
10514	71
10515	72
10516	72
10517	71
10518	71
10519	72
10520	73
10521	71
10522	72
10523	72
10524	73
10525	72
10526	72
10527	73
10528	72
10529	72
10530	73
10531	72
10532	72
10533	71
10534	72
10535	73
10536	73
10537	71
10538	71
10539	73
10540	71
10541	73
10542	73
10543	71
10544	71
10545	72
10546	71
10547	73
10548	73
10549	71
10550	71
10551	72
10552	73
10553	71
10554	74
10555	73
10556	73
10557	71
10558	72
10559	72
10560	73
10561	73
10562	71
10563	72
10564	73
10565	72
10566	71
10567	71
10568	72
10569	71
10570	71
10571	73
10572	71
10573	71
10574	73
10575	71
10576	71
10577	71
10578	71
10579	72
10580	72
10581	72
10582	71
10583	73
10584	73
10585	73
10586	72
10587	72
10588	73
10589	73
10590	73
10591	73
10592	71
10593	71
10594	72
10595	71
10596	71
10597	72
10598	71
10599	73
10600	73
10601	72
10602	73
10603	71
10604	72
10605	73
10606	71
10607	73
10608	71
10609	71
10610	71
10611	71
10612	71
10613	73
10614	73
10615	73
10616	73
10617	71
10618	72
10619	72
10620	73
10621	71
10622	73
10623	73
10624	72
10625	71
10626	73
10627	73
10628	73
10629	73
10630	71
10631	73
10632	72
10633	73
10634	71
10635	71
10636	73
10637	71
10638	71
10639	71
10640	72
10641	71
10642	73
10643	72
10644	72
10645	73
10646	72
10647	72
10648	73
10649	71
10650	71
10651	73
10652	73
10653	72
10654	73
10655	72
10656	71
10657	72
10658	71
10659	71
10660	72
10661	72
10662	73
10663	73
10664	73
10665	71
10666	71
10667	72
10668	74
10669	71
10670	73
10671	73
10672	72
10673	72
10674	72
10675	72
10676	72
10677	72
10678	71
10679	71
10680	72
10681	73
10682	73
10683	73
10684	72
10685	73
10686	72
10687	72
10688	72
10689	71
10690	71
10691	71
10692	71
10693	71
10694	72
10695	73
10696	72
10697	71
10698	72
10699	73
10700	71
10701	73
10702	73
10703	72
10704	72
10705	71
10706	71
10707	72
10708	71
10709	71
10710	71
10711	73
10712	73
10713	72
10714	73
10715	71
10716	72
10717	73
10718	72
10719	72
10720	71
10721	72
10722	71
10723	72
10724	72
10725	73
10726	72
10727	71
10728	72
10729	71
10730	72
10731	73
10732	73
10733	71
10734	71
10735	71
10736	72
10737	73
10738	71
10739	73
10740	73
10741	71
10742	72
10743	71
10744	73
10745	73
10746	73
10747	71
10748	73
10749	71
10750	72
10751	72
10752	73
10753	71
10754	73
10755	72
10756	72
10757	73
10758	71
10759	73
10760	73
10761	73
10762	73
10763	71
10764	71
10765	73
10766	73
10767	71
10768	72
10769	73
10770	73
10771	72
10772	73
10773	71
10774	73
10775	74
10776	72
10777	73
10778	73
10779	72
10780	72
10781	73
10782	73
10783	72
10784	74
10785	73
10786	73
10787	71
10788	72
10789	72
10790	73
10791	71
10792	73
10793	73
10794	72
10795	72
10796	73
10797	71
10798	73
10799	72
10800	71
10801	72
10802	71
10803	71
10804	71
10805	72
10806	73
10807	72
10808	71
10809	72
10810	73
10811	73
10812	73
10813	73
10814	73
10815	72
10816	71
10817	71
10818	73
10819	72
10820	71
10821	73
10822	73
10823	71
10824	71
10825	72
10826	73
10827	71
10828	72
10829	71
10830	73
10831	71
10832	71
10833	73
10834	73
10835	72
10836	72
10837	71
10838	71
10839	73
10840	72
10841	71
10842	71
10843	71
10844	71
10845	71
10846	71
10847	72
10848	72
10849	72
10850	71
10851	71
10852	73
10853	71
10854	73
10855	72
10856	71
10857	73
10858	73
10859	73
10860	73
10861	71
10862	71
10863	73
10864	73
10865	73
10866	73
10867	72
10868	73
10869	73
10870	73
10871	72
10872	73
10873	72
10874	73
10875	72
10876	72
10877	71
10878	72
10879	71
10880	72
10881	72
10882	71
10883	72
10884	71
10885	71
10886	71
10887	71
10888	71
10889	73
10890	71
10891	71
10892	71
10893	72
10894	72
10895	73
10896	72
10897	74
10898	72
10899	73
10900	71
10901	73
10902	72
10903	72
10904	73
10905	71
10906	72
10907	71
10908	72
10909	72
10910	73
10911	71
10912	73
10913	73
10914	73
10915	71
10916	72
10917	71
10918	72
10919	72
10920	71
10921	73
10922	72
10923	71
10924	71
10925	71
10926	72
10927	72
10928	73
10929	74
10930	71
10931	73
10932	72
10933	73
10934	71
10935	72
10936	72
10937	73
10938	73
10939	73
10940	73
10941	73
10942	73
10943	71
10944	73
10945	72
10946	72
10947	71
10948	73
10949	72
10950	71
10951	71
10952	73
10953	73
10954	71
10955	71
10956	73
10957	71
10958	71
10959	71
10960	72
10961	72
10962	71
10963	72
10964	73
10965	71
10966	72
10967	71
10968	71
10969	71
10970	71
10971	73
10972	71
10973	72
10974	73
10975	73
10976	73
10977	72
10978	72
10979	71
10980	71
10981	71
10982	71
10983	72
10984	73
10985	73
10986	71
10987	72
10988	73
10989	72
10990	72
10991	72
10992	73
10993	73
10994	72
10995	73
10996	73
10997	71
10998	73
10999	71
11000	71
11001	72
11002	72
11003	71
11004	72
11005	72
11006	72
11007	72
11008	72
11009	71
11010	71
11011	72
11012	72
11013	73
11014	71
11015	72
11016	73
11017	71
11018	71
11019	71
11020	71
11021	71
11022	71
11023	72
11024	72
11025	71
11026	72
11027	72
11028	73
11029	72
11030	71
11031	73
11032	73
11033	73
11034	71
11035	73
11036	72
11037	73
11038	73
11039	72
11040	72
11041	71
11042	72
11043	73
11044	73
11045	73
11046	71
11047	71
11048	72
11049	71
11050	71
11051	72
11052	72
11053	71
11054	74
11055	71
11056	72
11057	71
11058	71
11059	73
11060	71
11061	73
11062	72
11063	72
11064	71
11065	72
11066	72
11067	72
11068	73
11069	73
11070	71
11071	72
11072	71
11073	72
11074	72
11075	71
11076	73
11077	72
11078	71
11079	71
11080	73
11081	73
11082	72
11083	72
11084	72
11085	72
11086	72
11087	72
11088	73
11089	71
11090	73
11091	73
11092	73
11093	71
11094	73
11095	73
11096	72
11097	73
11098	73
11099	71
11100	72
11101	73
11102	73
11103	72
11104	71
11105	71
11106	73
11107	71
11108	71
11109	72
11110	71
11111	72
11112	71
11113	73
11114	72
11115	71
11116	73
11117	71
11118	73
11119	71
11120	71
11121	72
11122	73
11123	73
11124	72
11125	72
11126	71
11127	71
11128	71
11129	71
11130	73
11131	72
11132	72
11133	73
11134	73
11135	72
11136	73
11137	71
11138	71
11139	73
11140	73
11141	71
11142	73
11143	73
11144	72
11145	73
11146	71
11147	71
11148	71
11149	71
11150	71
11151	73
11152	72
11153	73
11154	72
11155	73
11156	71
11157	73
11158	71
11159	73
11160	72
11161	73
11162	73
11163	73
11164	73
11165	73
11166	71
11167	72
11168	72
11169	72
11170	72
11171	72
11172	71
11173	71
11174	72
11175	71
11176	71
11177	73
11178	72
11179	73
11180	71
11181	72
11182	72
11183	72
11184	71
11185	71
11186	72
11187	71
11188	72
11189	73
11190	73
11191	71
11192	71
11193	71
11194	73
11195	73
11196	73
11197	73
11198	73
11199	71
11200	74
11201	72
11202	73
11203	72
11204	73
11205	73
11206	72
11207	73
11208	72
11209	72
11210	71
11211	71
11212	73
11213	71
11214	71
11215	74
11216	73
11217	71
11218	71
11219	71
11220	71
11221	71
11222	71
11223	73
11224	73
11225	71
11226	71
11227	72
11228	71
11229	71
11230	73
11231	71
11232	74
11233	71
11234	71
11235	72
11236	73
11237	71
11238	72
11239	73
11240	73
11241	72
11242	73
11243	71
11244	73
11245	73
11246	72
11247	72
11248	72
11249	71
11250	72
11251	71
11252	72
11253	71
11254	73
11255	72
11256	72
11257	72
11258	73
11259	72
11260	71
11261	73
11262	71
11263	73
11264	73
11265	72
11266	72
11267	72
11268	74
11269	71
11270	71
11271	73
11272	73
11273	72
11274	73
11275	73
11276	72
11277	72
11278	73
11279	72
11280	73
11281	71
11282	71
11283	71
11284	71
11285	71
11286	71
11287	74
11288	71
11289	73
11290	71
11291	71
11292	73
11293	71
11294	72
11295	73
11296	71
11297	71
11298	72
11299	71
11300	72
11301	71
11302	72
11303	73
11304	73
11305	71
11306	73
11307	72
11308	71
11309	73
11310	72
11311	73
11312	73
11313	73
11314	73
11315	73
11316	71
11317	73
11318	72
11319	71
11320	72
11321	72
11322	71
11323	73
11324	74
11325	73
11326	73
11327	73
11328	72
11329	71
11330	71
11331	71
11332	73
11333	72
11334	72
11335	71
11336	72
11337	72
11338	73
11339	73
11340	71
11341	71
11342	72
11343	71
11344	71
11345	73
11346	73
11347	73
11348	73
11349	73
11350	73
11351	71
11352	73
11353	72
11354	71
11355	73
11356	73
11357	72
11358	73
11359	72
11360	71
11361	72
11362	73
11363	73
11364	71
11365	71
11366	71
11367	72
11368	71
11369	71
11370	72
11371	72
11372	72
11373	73
11374	71
11375	71
11376	72
11377	72
11378	73
11379	71
11380	73
11381	72
11382	73
11383	72
11384	73
11385	73
11386	71
11387	73
11388	73
11389	72
11390	71
11391	72
11392	72
11393	71
11394	73
11395	71
11396	72
11397	71
11398	73
11399	72
11400	72
11401	73
11402	71
11403	73
11404	74
11405	71
11406	73
11407	73
11408	73
11409	71
11410	72
11411	73
11412	73
11413	72
11414	73
11415	72
11416	72
11417	73
11418	73
11419	71
11420	72
11421	73
11422	71
11423	71
11424	71
11425	72
11426	71
11427	72
11428	71
11429	73
11430	71
11431	71
11432	73
11433	73
11434	71
11435	71
11436	72
11437	71
11438	71
11439	72
11440	71
11441	73
11442	73
11443	71
11444	73
11445	71
11446	71
11447	71
11448	73
11449	71
11450	72
11451	72
11452	72
11453	73
11454	74
11455	71
11456	72
11457	71
11458	71
11459	74
11460	71
11461	71
11462	73
11463	73
11464	72
11465	71
11466	73
11467	73
11468	71
11469	72
11470	71
11471	73
11472	71
11473	71
11474	74
11475	71
11476	71
11477	74
11478	71
11479	73
11480	72
11481	73
11482	73
11483	72
11484	73
11485	71
11486	72
11487	71
11488	72
11489	72
11490	73
11491	71
11492	72
11493	73
11494	71
11495	73
11496	73
11497	71
11498	72
11499	71
11500	73
11501	71
11502	72
11503	72
11504	73
11505	72
11506	73
11507	72
11508	71
11509	72
11510	72
11511	73
11512	71
11513	71
11514	74
11515	72
11516	72
11517	73
11518	71
11519	72
11520	73
11521	73
11522	73
11523	73
11524	71
11525	73
11526	71
11527	71
11528	71
11529	73
11530	71
11531	72
11532	71
11533	73
11534	72
11535	73
11536	73
11537	71
11538	71
11539	71
11540	72
11541	73
11542	72
11543	72
11544	71
11545	73
11546	71
11547	73
11548	72
11549	72
11550	72
11551	72
11552	73
11553	72
11554	73
11555	72
11556	74
11557	72
11558	72
11559	73
11560	72
11561	71
11562	71
11563	73
11564	72
11565	73
11566	71
11567	72
11568	71
11569	73
11570	73
11571	71
11572	72
11573	73
11574	72
11575	73
11576	72
11577	73
11578	72
11579	73
11580	72
11581	72
11582	73
11583	73
11584	72
11585	71
11586	71
11587	72
11588	72
11589	72
11590	73
11591	73
11592	72
11593	71
11594	72
11595	72
11596	73
11597	72
11598	71
11599	71
11600	73
11601	71
11602	71
11603	72
11604	72
11605	73
11606	71
11607	72
11608	71
11609	72
11610	71
11611	71
11612	73
11613	71
11614	71
11615	72
11616	71
11617	73
11618	71
11619	73
11620	73
11621	72
11622	71
11623	71
11624	73
11625	72
11626	71
11627	72
11628	74
11629	72
11630	71
11631	73
11632	73
11633	73
11634	73
11635	71
11636	73
11637	72
11638	71
11639	73
11640	73
11641	71
11642	72
11643	71
11644	73
11645	71
11646	73
11647	72
11648	73
11649	72
11650	73
11651	73
11652	73
11653	73
11654	72
11655	71
11656	73
11657	71
11658	72
11659	72
11660	72
11661	71
11662	72
11663	74
11664	71
11665	72
11666	72
11667	71
11668	72
11669	73
11670	71
11671	71
11672	72
11673	72
11674	72
11675	73
11676	71
11677	71
11678	73
11679	73
11680	71
11681	72
11682	71
11683	71
11684	72
11685	72
11686	71
11687	73
11688	72
11689	73
11690	72
11691	72
11692	71
11693	72
11694	71
11695	71
11696	73
11697	71
11698	73
11699	71
11700	72
11701	73
11702	72
11703	72
11704	73
11705	73
11706	73
11707	72
11708	73
11709	73
11710	71
11711	73
11712	72
11713	71
11714	72
11715	73
11716	71
11717	72
11718	72
11719	73
11720	71
11721	72
11722	73
11723	72
11724	71
11725	71
11726	71
11727	73
11728	73
11729	72
11730	73
11731	73
11732	73
11733	71
11734	73
11735	73
11736	73
11737	72
11738	72
11739	73
11740	72
11741	72
11742	73
11743	72
11744	73
11745	73
11746	73
11747	72
11748	73
11749	72
11750	71
11751	71
11752	73
11753	72
11754	72
11755	73
11756	71
11757	71
11758	73
11759	71
11760	72
11761	71
11762	73
11763	72
11764	71
11765	73
11766	73
11767	73
11768	71
11769	71
11770	71
11771	72
11772	71
11773	73
11774	71
11775	73
11776	72
11777	73
11778	73
11779	73
11780	71
11781	71
11782	73
11783	72
11784	72
11785	73
11786	71
11787	71
11788	73
11789	72
11790	72
11791	71
11792	73
11793	71
11794	73
11795	71
11796	73
11797	71
11798	73
11799	71
11800	71
11801	73
11802	72
11803	71
11804	72
11805	72
11806	72
11807	72
11808	71
11809	71
11810	73
11811	73
11812	71
11813	72
11814	72
11815	72
11816	72
11817	71
11818	72
11819	72
11820	71
11821	71
11822	71
11823	73
11824	72
11825	72
11826	71
11827	73
11828	73
11829	72
11830	71
11831	71
11832	71
11833	73
11834	72
11835	73
11836	71
11837	73
11838	72
11839	73
11840	72
11841	71
11842	71
11843	74
11844	73
11845	73
11846	71
11847	71
11848	71
11849	71
11850	73
11851	71
11852	73
11853	72
11854	71
11855	72
11856	71
11857	71
11858	73
11859	72
11860	72
11861	71
11862	71
11863	71
11864	71
11865	72
11866	73
11867	71
11868	72
11869	72
11870	72
11871	71
11872	73
11873	71
11874	74
11875	73
11876	71
11877	71
11878	73
11879	72
11880	72
11881	71
11882	72
11883	72
11884	72
11885	72
11886	71
11887	71
11888	72
11889	74
11890	73
11891	73
11892	72
11893	71
11894	74
11895	71
11896	71
11897	71
11898	71
11899	73
11900	71
11901	72
11902	73
11903	73
11904	73
11905	73
11906	71
11907	71
11908	71
11909	71
11910	72
11911	72
11912	71
11913	71
11914	72
11915	71
11916	73
11917	71
11918	71
11919	73
11920	73
11921	73
11922	72
11923	73
11924	71
11925	72
11926	72
11927	73
11928	71
11929	71
11930	71
11931	71
11932	71
11933	71
11934	71
11935	73
11936	71
11937	71
11938	71
11939	71
11940	71
11941	71
11942	71
11943	72
11944	72
11945	73
11946	73
11947	72
11948	71
11949	72
11950	72
11951	71
11952	72
11953	73
11954	71
11955	71
11956	71
11957	72
11958	73
11959	72
11960	71
11961	72
11962	72
11963	72
11964	73
11965	71
11966	71
11967	71
11968	71
11969	72
11970	72
11971	74
11972	74
11973	71
11974	72
11975	73
11976	72
11977	71
11978	72
11979	73
11980	73
11981	71
11982	73
11983	71
11984	73
11985	72
11986	73
11987	71
11988	72
11989	71
11990	73
11991	71
11992	72
11993	71
11994	72
11995	71
11996	72
11997	71
11998	71
11999	73
12000	71
12001	72
12002	73
12003	72
12004	71
12005	73
12006	71
12007	71
12008	72
12009	72
12010	73
12011	73
12012	72
12013	71
12014	71
12015	73
12016	73
12017	73
12018	71
12019	73
12020	73
12021	71
12022	71
12023	73
12024	71
12025	73
12026	73
12027	72
12028	74
12029	73
12030	71
12031	73
12032	71
12033	71
12034	71
12035	72
12036	71
12037	71
12038	71
12039	71
12040	71
12041	71
12042	72
12043	73
12044	71
12045	72
12046	73
12047	73
12048	72
12049	73
12050	73
12051	72
12052	71
12053	73
12054	71
12055	71
12056	73
12057	73
12058	73
12059	72
12060	73
12061	71
12062	71
12063	71
12064	72
12065	73
12066	72
12067	72
12068	73
12069	72
12070	73
12071	71
12072	71
12073	72
12074	72
12075	72
12076	72
12077	71
12078	71
12079	72
12080	71
12081	71
12082	73
12083	71
12084	72
12085	73
12086	72
12087	73
12088	71
12089	71
12090	71
12091	73
12092	72
12093	73
12094	73
12095	73
12096	72
12097	73
12098	71
12099	73
12100	71
12101	71
12102	71
12103	71
12104	71
12105	71
12106	71
12107	71
12108	73
12109	72
12110	71
12111	71
