1	8395
3	6431
3	7696
3	4311
3	6611
3	7527
8	11686
8	11243
8	7876
15	892
15	4772
15	4888
16	7963
16	6462
16	6790
16	12025
26	3435
26	8052
26	11262
28	5462
28	11033
46	11158
46	8953
46	3420
46	78
65	489
65	2883
66	8874
66	1976
66	6220
66	9119
66	11556
69	11571
69	6962
69	2399
69	2793
69	11426
69	6845
69	3851
72	11438
74	3038
74	6095
86	3594
86	6842
86	679
86	4500
91	2775
91	857
108	11415
108	11776
124	11012
129	8206
129	2572
130	5830
130	560
144	4938
158	5641
158	12
158	7184
165	8230
165	2893
171	4995
171	7179
191	7591
191	10699
204	3661
209	9166
209	4363
242	5368
242	1902
242	7652
242	981
242	6751
244	6403
248	4293
256	1590
256	2503
260	7426
260	8324
263	784
263	8776
263	4578
263	6116
268	116
268	11086
268	3338
268	1796
269	5653
269	9035
269	10629
269	6115
281	9342
281	724
293	8886
293	3850
293	1870
293	7594
293	4012
293	4537
303	10144
303	7815
303	3953
303	5702
305	62
305	2283
305	8656
306	7675
306	1052
306	212
306	3080
314	6634
314	7782
314	4843
330	5595
353	8789
356	1666
356	9431
356	11951
365	8297
365	271
373	9179
373	12036
373	339
373	5203
389	3868
389	731
389	11485
416	4600
416	4008
420	7610
420	10838
425	1807
425	9975
430	11508
430	2309
434	5272
434	5420
443	7374
446	5580
446	9536
446	8916
446	1959
449	3333
449	11682
460	7270
460	5092
460	243
467	9584
467	3869
467	4112
473	12039
478	7317
479	3538
479	4814
483	3065
483	249
483	1372
484	5256
484	5250
484	6233
484	9066
485	3661
492	2351
492	2916
494	11407
494	283
496	7971
496	1006
496	7916
503	9342
503	724
508	5943
512	8762
512	11649
515	11831
531	9045
531	573
546	3191
546	1347
546	11876
549	896
549	10972
561	4248
561	8556
561	4985
564	475
564	8739
564	3296
564	4705
564	3723
574	12034
574	9746
574	8889
575	5592
576	5485
576	4949
576	2222
576	4439
587	3038
587	6095
588	2543
589	6877
589	7904
589	3680
589	1225
593	4724
593	7192
593	4060
598	3669
598	604
610	9221
632	1089
632	6026
632	5978
643	9100
643	1223
643	3973
648	3472
648	6767
655	8928
655	6033
655	4111
655	11759
655	9568
655	9826
656	9601
656	697
665	9530
665	5128
665	5391
670	65
671	10276
671	2005
683	11718
683	3404
686	7713
686	4350
686	3063
698	9302
698	9860
703	110
720	7695
720	7907
720	3390
720	4454
734	1446
734	11744
738	10955
760	1679
767	4517
782	7846
782	7159
782	10581
782	2140
795	3182
798	10846
798	10188
798	10115
820	5498
820	2873
820	2119
826	9290
826	7684
826	872
826	3597
827	9424
836	9724
836	7991
841	7361
841	6284
843	5437
845	7212
845	2567
845	8649
845	4812
845	2627
845	3791
873	5233
873	5468
873	11708
875	7862
885	6016
885	11997
885	940
885	4020
885	6219
885	8542
896	892
896	4772
896	4888
902	5995
911	2220
911	6014
947	4823
947	1962
947	3740
952	12049
952	5766
953	11468
953	7982
953	227
953	4221
953	4049
953	4305
953	7825
963	10250
963	7348
964	9373
964	2358
975	2992
979	8110
979	5744
979	11293
979	12021
979	3809
989	7261
989	9771
990	9375
992	6459
992	7123
992	9660
1019	4037
1019	7321
1019	6496
1026	3985
1027	3813
1027	7874
1027	1813
1027	1848
1027	1484
1029	2608
1039	10863
1039	11845
1058	3443
1058	9043
1058	1764
1077	10309
1077	1830
1077	2742
1077	10048
1084	9290
1084	7684
1084	872
1084	3597
1102	5448
1102	5029
1103	9204
1103	4653
1108	1840
1108	11409
1108	6279
1108	4307
1117	2660
1117	6972
1134	10111
1134	8344
1134	9620
1144	5138
1144	2169
1148	9276
1156	167
1164	4403
1175	3785
1175	10526
1182	9171
1182	4723
1182	816
1184	7899
1184	2038
1187	6049
1187	1327
1188	10605
1188	5847
1196	235
1202	6999
1207	2608
1216	7253
1216	10607
1216	6771
1229	10324
1229	1362
1229	7494
1229	3603
1229	3856
1229	794
1234	11277
1234	3514
1256	8282
1258	454
1258	9324
1258	5604
1260	1237
1260	11901
1260	11988
1264	1560
1264	6393
1279	9758
1279	10134
1279	951
1279	8679
1279	9091
1279	415
1280	5198
1285	4082
1285	6952
1288	8476
1288	897
1288	788
1288	7272
1288	6038
1293	1295
1293	6560
1293	11857
1293	12083
1293	7419
1298	5410
1304	11863
1304	6554
1304	12078
1304	9008
1304	10853
1304	9990
1304	2229
1321	6425
1324	11760
1325	474
1334	7963
1334	6462
1334	6790
1334	12025
1343	3985
1347	1679
1348	8886
1348	3850
1348	1870
1348	7594
1348	4012
1348	4537
1389	11284
1389	8497
1389	3206
1389	987
1394	10875
1394	2214
1394	4421
1398	6127
1400	3666
1401	6037
1401	2349
1401	6216
1401	10940
1403	10789
1403	5929
1403	8823
1407	8869
1407	5282
1407	1905
1407	10321
1425	71
1442	12082
1442	3960
1458	10758
1458	1080
1466	5201
1469	8554
1476	10371
1476	373
1478	5201
1486	418
1487	9935
1493	5769
1511	8010
1511	6040
1526	5155
1526	6187
1526	4331
1526	1461
1529	2097
1529	11182
1537	3045
1539	6694
1539	41
1539	2708
1539	5596
1539	1809
1545	8942
1545	270
1567	7866
1567	6916
1567	1527
1570	3435
1570	8052
1570	11262
1593	6868
1595	1557
1595	2776
1595	4199
1599	705
1599	5908
1599	10939
1599	1056
1599	3829
1606	11070
1606	9868
1606	1570
1606	6262
1606	6426
1615	9575
1615	3927
1615	9966
1634	7210
1634	2417
1634	3804
1634	12045
1634	614
1640	2147
1640	10473
1645	3065
1645	249
1645	1372
1646	3989
1649	11399
1652	5968
1657	9747
1657	6339
1657	1266
1659	5371
1659	9252
1659	7343
1659	903
1659	2149
1689	9003
1693	11686
1693	11243
1693	7876
1697	6049
1697	1327
1710	5924
1710	11329
1710	7364
1711	61
1711	1077
1711	11429
1711	4990
1711	2244
1711	3967
1713	3899
1720	11493
1720	1427
1720	2184
1726	6250
1726	12070
1726	2188
1729	240
1729	10950
1729	4250
1729	2435
1729	2122
1729	430
1739	6447
1739	5354
1739	10735
1739	3875
1752	9447
1752	8772
1767	9627
1769	9801
1769	4224
1769	1892
1783	7894
1783	1575
1783	11946
1797	418
1807	7361
1807	6284
1819	6085
1819	361
1845	10396
1858	11875
1861	11896
1861	10566
1861	4959
1866	11493
1866	1427
1866	2184
1872	3082
1872	9571
1872	3601
1872	8192
1872	7015
1882	6908
1882	5575
1884	5138
1884	2169
1898	8294
1898	772
1898	3753
1918	2919
1918	1031
1929	3140
1929	9438
1929	8053
1929	10979
1943	8763
1943	913
1943	7560
1953	5631
1953	1550
1964	5611
1964	11348
1964	11258
1964	7033
1964	7039
1964	505
1968	9628
1968	10714
1974	2395
1974	1269
1985	5493
1999	5123
1999	11530
1999	2357
1999	1081
1999	7496
1999	1361
1999	1424
1999	351
1999	9565
2002	936
2002	2039
2002	2946
2002	5480
2019	10751
2019	2927
2019	2274
2021	6396
2021	5989
2021	8909
2022	6486
2026	8516
2028	6539
2037	9584
2037	3869
2037	4112
2052	11158
2052	8953
2052	3420
2052	78
2058	5682
2063	10944
2063	7999
2063	956
2063	1875
2063	1456
2063	9256
2063	5237
2071	8519
2071	10801
2071	2095
2071	9661
2075	2711
2075	3066
2075	8946
2075	839
2083	9221
2086	7899
2086	2038
2090	10981
2090	3313
2101	5341
2101	8934
2102	4174
2102	11913
2102	3136
2102	1061
2109	1666
2109	9431
2109	11951
2144	11571
2144	6962
2144	2399
2144	2793
2144	11426
2144	6845
2144	3851
2148	1485
2150	7464
2150	3273
2152	9575
2152	3927
2152	9966
2155	6759
2155	1932
2155	2475
2155	342
2155	11716
2155	1479
2155	500
2155	4563
2158	5272
2158	5420
2163	7177
2163	1375
2163	7076
2163	11238
2163	17
2163	8225
2163	8850
2168	8468
2168	11592
2177	2443
2190	6447
2190	5354
2190	10735
2190	3875
2193	9561
2193	3727
2193	10
2193	106
2193	1278
2193	6612
2193	8414
2208	9501
2214	7028
2214	3486
2229	5150
2229	1576
2229	2746
2234	7533
2237	489
2237	2883
2250	1331
2251	3037
2251	7137
2251	7498
2251	9369
2251	1636
2251	233
2251	5450
2259	3395
2260	11535
2260	3274
2265	7062
2265	10777
2271	7177
2271	1375
2271	7076
2271	11238
2271	17
2271	8225
2271	8850
2275	7859
2275	5840
2281	9742
2284	6452
2287	2530
2293	7753
2303	11310
2307	1421
2307	8289
2307	8460
2312	21
2334	7894
2334	1575
2334	11946
2336	9668
2336	2527
2351	8673
2351	8986
2369	9399
2369	9594
2369	125
2377	3428
2378	1631
2378	5382
2379	1314
2379	6985
2384	4169
2384	10120
2384	8756
2384	8600
2384	7274
2384	1371
2397	4625
2397	11173
2401	10259
2401	4827
2401	10802
2404	6396
2404	5989
2404	8909
2412	4403
2416	5595
2419	8770
2419	2732
2420	4689
2420	6642
2460	10685
2474	12017
2474	8473
2474	6034
2474	8545
2522	10860
2522	6092
2522	12046
2522	3009
2531	11134
2531	8469
2540	5125
2540	11985
2540	5545
2540	3696
2540	496
2540	3921
2552	3472
2552	6767
2553	3984
2553	11380
2574	454
2574	9324
2574	5604
2584	7669
2584	1392
2584	867
2586	6544
2586	5525
2589	7990
2589	10268
2589	10576
2589	9784
2589	8406
2592	11573
2592	2277
2592	4077
2605	11222
2605	6973
2606	3257
2606	6059
2620	10377
2620	4208
2625	4902
2625	3844
2629	11508
2629	2309
2630	8928
2630	6033
2630	4111
2630	11759
2630	9568
2630	9826
2654	3487
2654	2139
2655	1161
2655	1806
2655	10531
2662	4082
2662	6952
2663	458
2663	6335
2665	3439
2676	9185
2676	9759
2676	3019
2676	8262
2685	6056
2688	6748
2688	7618
2688	9600
2696	6486
2697	3504
2697	2070
2711	8299
2711	1276
2719	552
2748	5256
2748	5250
2748	6233
2748	9066
2751	1091
2751	645
2751	10461
2751	7951
2751	10831
2751	408
2754	3035
2754	2340
2754	2601
2754	2124
2766	7994
2766	11617
2766	6497
2766	4055
2766	8586
2767	382
2767	6926
2767	5785
2767	7812
2798	4490
2798	7981
2798	6286
2798	3908
2799	7673
2812	11794
2812	6221
2812	9502
2815	7894
2815	1575
2815	11946
2830	5964
2831	3018
2831	3766
2834	2492
2834	2023
2841	11093
2841	11618
2845	6098
2847	1647
2847	10872
2847	4532
2851	6894
2854	1446
2854	11744
2874	10875
2874	2214
2874	4421
2875	8212
2875	9703
2876	6544
2876	5525
2886	9836
2886	4739
2886	329
2886	1558
2913	11854
2913	11288
2925	10302
2925	8275
2925	5369
2925	644
2925	4589
2933	3333
2933	11682
2937	9469
2937	5998
2937	8089
2945	9628
2945	10714
2954	8070
2954	5413
2954	11644
2954	10941
2964	5879
2964	2162
2964	5454
2964	9458
2964	7979
2964	1746
2964	8117
2970	11883
2974	11064
2974	5716
2974	5007
2974	6579
2974	9077
2974	2533
2977	11778
2977	5852
2983	8466
2983	8745
2994	10897
2994	7887
3026	4030
3026	10816
3026	5393
3026	7493
3026	5980
3029	7795
3032	7464
3032	3273
3071	8652
3071	10174
3071	3040
3071	8358
3074	3289
3074	5398
3083	5493
3090	8142
3090	6990
3090	10509
3097	2896
3104	826
3104	4860
3110	5498
3110	2873
3110	2119
3112	657
3112	2157
3112	807
3112	1797
3116	9758
3116	10134
3116	951
3116	8679
3116	9091
3116	415
3128	5018
3131	4482
3131	11982
3145	4205
3145	2808
3145	8639
3145	11921
3148	1998
3148	4815
3148	11813
3163	385
3179	7533
3180	4420
3180	11224
3184	4490
3184	7981
3184	6286
3184	3908
3201	2350
3201	6687
3201	9327
3201	2861
3202	2256
3202	8738
3202	5331
3202	881
3215	10247
3215	11947
3237	2492
3237	2023
3244	4650
3244	8713
3244	5777
3244	2968
3244	3295
3244	5940
3244	6010
3244	1515
3254	5018
3265	1069
3265	10470
3276	5802
3279	11794
3279	6221
3279	9502
3280	6893
3280	2737
3280	1600
3285	10385
3293	4473
3293	4651
3293	5517
3295	2640
3295	3425
3296	1979
3296	1083
3296	642
3322	848
3322	7804
3322	2248
3339	6508
3339	4762
3357	4451
3357	9030
3373	167
3392	5437
3396	11171
3396	4675
3396	5927
3397	9386
3397	12027
3400	5436
3400	11740
3400	2508
3409	861
3411	1301
3411	4779
3411	10759
3411	10088
3411	6671
3411	4590
3411	9390
3411	35
3415	9283
3421	1860
3421	1517
3421	129
3422	10768
3467	9601
3467	697
3508	8418
3508	3172
3508	10112
3514	9440
3520	2219
3523	7669
3523	1392
3523	867
3525	1738
3526	1779
3535	9185
3535	9759
3535	3019
3535	8262
3545	3289
3545	5398
3547	1453
3547	8301
3547	4367
3555	11443
3557	1919
3557	2118
3557	7857
3557	7152
3557	1810
3558	960
3561	10385
3563	1301
3563	4779
3563	10759
3563	10088
3563	6671
3563	4590
3563	9390
3563	35
3571	1069
3571	10470
3574	11907
3584	7007
3584	3261
3584	109
3590	3007
3592	2757
3594	3981
3594	315
3594	2076
3598	4181
3598	6460
3598	6310
3598	12001
3604	5185
3604	9944
3604	7352
3604	4813
3604	11339
3604	1983
3604	6182
3604	11631
3605	3474
3610	9103
3610	3152
3610	7822
3610	8864
3610	11141
3610	12041
3610	9052
3619	960
3621	7449
3621	9089
3621	8988
3621	9604
3626	11816
3626	2363
3626	5993
3626	7892
3628	9455
3628	8158
3628	9903
3628	7541
3628	8590
3630	5684
3630	9193
3634	5436
3634	11740
3634	2508
3644	705
3644	5908
3644	10939
3644	1056
3644	3829
3655	306
3655	3767
3666	11760
3674	11535
3674	3274
3676	8621
3676	4156
3676	12090
3695	6928
3695	4040
3695	3114
3695	3465
3695	1028
3705	4517
3738	6446
3738	10032
3738	8080
3738	2114
3757	8127
3757	11154
3757	10723
3762	5371
3762	9252
3762	7343
3762	903
3762	2149
3790	11896
3790	10566
3790	4959
3799	8285
3799	222
3799	6773
3801	4706
3801	3760
3801	1439
3804	9124
3804	4767
3808	3845
3808	6247
3808	10989
3816	9079
3825	5328
3825	1388
3825	11743
3835	8214
3835	1774
3835	376
3840	4902
3840	3844
3841	10259
3841	4827
3841	10802
3848	7223
3858	1909
3858	7521
3858	6731
3858	9887
3858	4398
3866	5747
3866	10350
3866	9720
3903	8595
3910	325
3910	11603
3910	11273
3910	3067
3918	7317
3920	8673
3920	8986
3926	2797
3928	9399
3928	9594
3928	125
3930	458
3930	6335
3950	1237
3950	11901
3950	11988
3955	7990
3955	10268
3955	10576
3955	9784
3955	8406
3972	3191
3972	1347
3972	11876
3985	3487
3985	2139
3995	8010
3995	6040
4006	3862
4013	4713
4013	2951
4013	9263
4013	5360
4014	349
4022	9469
4022	5998
4022	8089
4029	7880
4034	4516
4034	468
4034	6866
4034	8290
4034	4987
4039	7927
4039	6075
4039	4933
4041	312
4041	3941
4049	1453
4049	8301
4049	4367
4050	5283
4050	9911
4050	10366
4050	4406
4053	5383
4053	12015
4053	4607
4059	2962
4059	1942
4059	2221
4059	7516
4065	4664
4065	7922
4065	11511
4065	8812
4068	2809
4074	6721
4086	6431
4086	7696
4086	4311
4086	6611
4086	7527
4087	7950
4087	3097
4087	9238
4087	3546
4087	7869
4094	9841
4094	10351
4098	11195
4098	4368
4098	2476
4098	5024
4102	2397
4102	6769
4102	5327
4104	9554
4104	463
4104	3929
4104	6225
4104	8303
4114	248
4114	6604
4114	8495
4114	9032
4126	826
4126	4860
4129	3813
4129	7874
4129	1813
4129	1848
4129	1484
4142	10981
4142	3313
4161	10930
4161	11166
4161	6521
4161	8365
4166	9442
4166	6154
4170	11284
4170	3206
4170	8497
4170	987
4183	7846
4183	7159
4183	10581
4183	2140
4186	11125
4186	6081
4186	3761
4186	10139
4186	10909
4198	9204
4198	4653
4208	4366
4210	3800
4210	8172
4210	10538
4210	9754
4210	11676
4216	1357
4216	6349
4216	9057
4216	8202
4216	11680
4216	11769
4223	10863
4223	11845
4225	3303
4225	11928
4225	1228
4225	6717
4225	2142
4240	4540
4242	8110
4242	5744
4242	11293
4242	12021
4242	3809
4244	9646
4244	6455
4251	2692
4251	6080
4264	10605
4264	5847
4269	4938
4279	6697
4279	754
4325	473
4325	6775
4325	11724
4325	2901
4327	2318
4337	11833
4352	349
4378	11363
4390	5827
4390	3471
4394	4366
4401	7946
4401	8232
4423	11277
4423	3514
4431	3681
4431	8667
4431	10657
4431	9428
4431	6312
4438	11488
4438	10532
4438	9481
4442	6894
4460	11468
4460	7982
4460	227
4460	4221
4460	4049
4460	4305
4460	7825
4476	8285
4476	222
4476	6773
4489	2220
4489	6014
4509	9683
4509	10228
4512	2799
4512	10665
4512	1417
4517	1989
4526	5065
4526	5465
4527	9668
4527	2527
4528	7223
4546	2660
4546	6972
4548	11875
4553	2420
4578	11404
4586	848
4586	7804
4586	2248
4588	4013
4591	6508
4591	4762
4598	85
4598	8571
4598	9255
4598	7307
4601	3594
4601	6842
4601	679
4601	4500
4602	1089
4602	6026
4602	5978
4612	12106
4612	7793
4628	5540
4636	7729
4644	11908
4644	1370
4644	4847
4654	8554
4656	4037
4656	7321
4656	6496
4661	6016
4661	11997
4661	940
4661	4020
4661	6219
4661	8542
4667	10066
4671	9124
4671	4767
4700	7823
4700	4346
4700	4914
4707	7946
4707	8232
4718	386
4728	9276
4730	7713
4730	4350
4730	3063
4732	9957
4740	4713
4740	2951
4740	9263
4740	5360
4745	900
4757	6935
4764	3037
4764	7137
4764	7498
4764	9369
4764	1636
4764	233
4764	5450
4789	11299
4789	5116
4789	10986
4789	10943
4789	2755
4797	6810
4797	4715
4797	5656
4802	7866
4802	6916
4802	1527
4808	11924
4808	4741
4808	10962
4808	392
4818	6582
4825	2906
4825	1382
4825	6688
4831	1295
4831	6560
4831	11857
4831	12083
4831	7419
4835	3800
4835	8172
4835	10538
4835	9754
4835	11676
4837	10768
4845	819
4849	6877
4849	7904
4849	3680
4849	1225
4854	4938
4857	4169
4857	10120
4857	8756
4857	8600
4857	7274
4857	1371
4865	2097
4865	11182
4868	3610
4868	9195
4868	3992
4868	1759
4870	165
4876	5837
4877	3714
4877	8851
4894	3350
4894	9725
4894	11689
4907	3036
4910	10310
4918	5013
4918	9236
4918	11483
4918	445
4921	9283
4929	9174
4929	6934
4929	7329
4938	11185
4938	5066
4938	2047
4943	3649
4943	3227
4943	7135
4943	6495
4943	8610
4943	10565
4944	2899
4944	10564
4956	6733
4959	11907
4970	8109
4974	4174
4974	11913
4974	3136
4974	1061
5008	6224
5018	5837
5022	8297
5022	271
5025	10858
5025	10552
5025	2978
5025	5533
5025	9394
5025	10443
5025	11844
5026	10549
5026	5180
5026	10689
5026	5184
5026	8529
5026	5141
5026	1737
5026	60
5026	6680
5047	4593
5047	2516
5047	4184
5052	6893
5052	2737
5052	1600
5057	2634
5057	5220
5057	6535
5071	8871
5094	10010
5094	8328
5094	4132
5094	2387
5094	11098
5097	5648
5101	7880
5104	7715
5104	9154
5104	4402
5110	11171
5110	4675
5110	5927
5119	165
5124	8142
5124	6990
5124	10509
5126	4473
5126	4651
5126	5517
5134	6361
5134	3200
5143	4430
5143	7612
5143	3828
5143	581
5155	455
5165	8519
5165	10801
5165	2095
5165	9661
5178	1738
5188	10447
5188	11973
5188	5308
5188	8374
5188	7861
5189	2757
5194	11957
5194	7676
5194	8861
5194	6740
5194	11869
5206	819
5209	709
5218	6037
5218	2349
5218	6216
5218	10940
5224	9873
5224	1287
5224	4390
5224	6884
5224	8984
5238	11611
5238	10743
5238	9656
5238	10572
5241	393
5241	4333
5241	10630
5241	4275
5241	1226
5241	5057
5241	3430
5241	8359
5241	11848
5244	8629
5244	2976
5244	10243
5244	2117
5247	386
5248	2141
5249	5297
5249	4859
5281	5384
5281	9208
5284	5198
5285	12100
5285	10367
5292	5653
5292	9035
5292	10629
5292	6115
5299	2068
5299	8125
5299	3957
5316	9781
5316	1555
5316	8169
5316	6480
5328	11399
5339	9957
5358	2850
5369	12033
5369	2997
5369	4840
5370	10995
5370	11190
5373	2909
5373	11060
5373	5547
5381	5476
5381	11344
5381	779
5410	5306
5417	1840
5417	11409
5417	6279
5417	4307
5430	143
5436	3714
5436	8851
5437	9088
5437	3591
5440	9446
5440	3332
5445	385
5454	2903
5458	21
5472	4517
5476	7800
5476	3412
5477	3474
5496	5297
5496	4859
5505	10899
5505	628
5509	9112
5509	11446
5509	9898
5522	4684
5522	2499
5544	4036
5544	6196
5544	2436
5548	9680
5569	10860
5569	6092
5569	12046
5569	3009
5570	5830
5570	560
5571	1901
5571	8457
5571	7771
5575	8587
5576	8681
5576	2981
5576	6591
5584	5943
5586	5462
5586	11033
5591	7562
5606	5584
5614	5812
5614	8995
5621	720
5621	9987
5621	10254
5624	11217
5624	7778
5624	10072
5624	1053
5624	4170
5624	4339
5643	10428
5643	5443
5662	1919
5662	2118
5662	7857
5662	7152
5662	1810
5669	6194
5669	5053
5675	657
5675	2157
5675	807
5675	1797
5677	7232
5677	2641
5677	4627
5677	11184
5696	5430
5696	11014
5696	1218
5696	3052
5709	5065
5709	5465
5711	10488
5711	7175
5712	5718
5715	8770
5715	2732
5731	11249
5736	5713
5736	7514
5736	4441
5739	8595
5745	1821
5745	9430
5745	4570
5745	4288
5745	1213
5745	8103
5745	886
5751	8685
5751	8042
5760	784
5760	8776
5760	4578
5760	6116
5763	9988
5766	7102
5787	8789
5805	2640
5805	3425
5817	7896
5817	1862
5817	5850
5824	10361
5824	3592
5842	3845
5842	6247
5842	10989
5864	1818
5864	10199
5864	6245
5874	7449
5874	9089
5874	8988
5874	9604
5875	5605
5875	9549
5875	10287
5875	2240
5880	11082
5880	11002
5880	7854
5880	4619
5889	2256
5889	8738
5889	5331
5889	881
5902	6748
5902	7618
5902	9600
5914	8212
5914	9703
5915	5827
5915	3471
5922	12082
5922	3960
5926	2350
5926	6687
5926	9327
5926	2861
5945	4818
5945	631
5945	9923
5945	7947
5945	9036
5957	8489
5957	9548
5980	9836
5980	4739
5980	329
5980	1558
6003	7488
6004	8173
6024	3708
6026	5733
6030	8762
6030	11649
6037	5540
6044	11908
6044	1370
6044	4847
6048	3631
6051	420
6051	6765
6051	1585
6051	535
6051	7503
6051	5433
6051	616
6054	1072
6054	7471
6054	10193
6058	733
6058	9978
6058	9286
6064	3402
6066	10428
6066	5443
6085	4897
6085	428
6100	3321
6100	11619
6103	8942
6103	270
6109	7245
6109	10742
6109	4900
6130	2453
6130	5579
6137	3007
6138	6085
6138	361
6140	11775
6140	10069
6140	8149
6142	5724
6142	3703
6142	6323
6142	12058
6142	11254
6142	8607
6142	9511
6155	1325
6155	7264
6178	3777
6178	1202
6178	2717
6180	2835
6180	8371
6180	1808
6180	4989
6180	5043
6180	5303
6180	2463
6182	11134
6182	8469
6200	5713
6200	7514
6200	4441
6206	6322
6206	2534
6211	7839
6211	3614
6213	5862
6222	11849
6222	7441
6222	9655
6222	11470
6225	10051
6225	9820
6225	10612
6225	6506
6230	474
6232	11831
6236	6250
6236	12070
6236	2188
6254	5587
6254	4411
6254	4893
6257	10537
6257	3195
6260	5605
6260	9549
6260	10287
6260	2240
6268	1094
6268	1322
6307	8300
6307	8859
6307	2321
6307	5412
6307	7409
6307	11281
6307	11821
6311	6261
6315	5631
6315	1550
6318	3036
6326	5853
6326	10103
6326	7651
6326	3910
6326	10113
6326	5878
6326	11336
6334	10995
6334	11190
6345	7955
6345	4666
6348	11313
6348	10335
6348	7587
6348	3442
6368	6261
6376	3527
6376	2607
6376	6381
6383	11313
6383	10335
6383	7587
6383	3442
6389	10279
6389	409
6389	218
6389	11933
6389	6636
6397	2397
6397	6769
6397	5327
6398	3022
6414	9939
6414	9014
6418	1413
6418	4997
6433	6548
6435	110
6438	5641
6438	12
6438	7184
6440	7472
6440	9102
6440	8768
6440	9619
6446	9988
6447	7232
6447	2641
6447	4627
6447	11184
6452	10758
6452	1080
6469	1508
6469	340
6469	9407
6469	8670
6469	4546
6469	8054
6479	11627
6479	502
6479	6822
6479	6529
6502	552
6504	726
6504	1108
6505	5323
6507	4932
6507	1940
6524	2749
6527	3443
6527	9043
6527	1764
6534	11183
6534	7365
6534	1891
6534	9780
6536	2749
6542	3577
6542	11306
6542	6485
6549	9275
6549	10369
6558	8264
6558	640
6560	490
6560	8011
6560	1339
6561	2007
6561	7098
6561	1651
6572	5328
6572	1388
6572	11743
6584	11213
6584	8927
6584	8727
6584	5353
6597	11433
6603	4181
6603	6460
6603	6310
6603	12001
6614	9495
6614	5090
6615	1894
6615	5583
6633	3284
6633	1071
6633	1767
6637	1901
6637	8457
6637	7771
6646	982
6648	11111
6658	11775
6658	10069
6658	8149
6659	8115
6659	6494
6667	982
6678	344
6678	1125
6678	3719
6678	10117
6687	6733
6692	6492
6692	9867
6694	7002
6694	9839
6696	9373
6696	2358
6697	10111
6697	8344
6697	9620
6702	7301
6702	7305
6707	2992
6710	9003
6717	482
6730	2423
6730	7097
6730	6448
6734	9683
6734	10228
6739	8575
6739	11629
6739	9084
6739	10667
6739	11480
6742	12094
6752	4724
6752	7192
6752	4060
6767	1050
6767	7043
6767	11585
6772	5682
6773	10488
6773	7175
6786	9375
6787	11093
6787	11618
6789	1207
6789	11017
6789	2855
6789	5017
6792	6999
6799	4907
6799	8381
6806	3922
6810	8621
6810	4156
6810	12090
6821	11573
6821	2277
6821	4077
6835	85
6835	8571
6835	9255
6835	7307
6844	5123
6844	11530
6844	2357
6844	1081
6844	7496
6844	1361
6844	1424
6844	351
6844	9565
6850	7050
6850	2365
6850	8538
6850	4909
6850	10359
6850	3854
6857	11415
6857	11776
6862	1284
6862	9071
6865	10624
6865	11789
6865	2100
6902	8299
6902	1276
6905	2420
6913	6694
6913	41
6913	2708
6913	5596
6913	1809
6915	1681
6915	4175
6915	1214
6921	1207
6921	11017
6921	2855
6921	5017
6938	8681
6938	2981
6938	6591
6951	8020
6951	582
6951	9241
6951	11815
6951	8650
6951	719
6955	8629
6955	2976
6955	10243
6955	2117
6966	3298
6966	348
6967	475
6967	8739
6967	3296
6967	4705
6967	3723
6973	6541
6973	1133
6974	4516
6974	468
6974	6866
6974	8290
6974	4987
6977	3284
6977	1071
6977	1767
6981	12049
6981	5766
6987	1330
6998	2351
6998	2916
7013	2634
7013	5220
7013	6535
7037	5584
7042	1465
7042	8876
7042	10644
7047	7781
7047	7058
7047	3483
7048	4036
7048	6196
7048	2436
7052	896
7052	10972
7060	1557
7060	2776
7060	4199
7061	6194
7061	5053
7072	9408
7077	5853
7077	10103
7077	7651
7077	3910
7077	10113
7077	5878
7077	11336
7094	7950
7094	3097
7094	9238
7094	3546
7094	7869
7099	2775
7099	857
7114	7567
7120	366
7120	5163
7120	10246
7120	1449
7129	6492
7129	9867
7137	1199
7137	8191
7142	2086
7154	10130
7154	2707
7154	4355
7154	4820
7154	9330
7154	8710
7154	3642
7163	1284
7163	9071
7164	393
7164	4333
7164	10630
7164	4275
7164	1226
7164	5057
7164	3430
7164	8359
7164	11848
7191	2035
7193	836
7211	3722
7211	4640
7211	9930
7222	3402
7229	5475
7229	1376
7229	3794
7230	11849
7230	7441
7230	9655
7230	11470
7237	2068
7237	8125
7237	3957
7244	6618
7247	10396
7249	10066
7253	3795
7253	9753
7254	11957
7254	7676
7254	8861
7254	6740
7254	11869
7257	1647
7257	10872
7257	4532
7278	11111
7283	2786
7286	9248
7288	12034
7288	9746
7288	8889
7303	12039
7309	2906
7309	1382
7309	6688
7323	5185
7323	9944
7323	7352
7323	4813
7323	11339
7323	1983
7323	6182
7323	11631
7325	11863
7325	6554
7325	12078
7325	9008
7325	10853
7325	9990
7325	2229
7336	1357
7336	6349
7336	9057
7336	8202
7336	11680
7336	11769
7353	1330
7356	1594
7364	9801
7364	4224
7364	1892
7372	4459
7374	10846
7374	10188
7374	10115
7376	10706
7376	416
7376	4998
7377	1331
7386	10828
7386	5526
7386	5674
7386	5510
7386	4491
7395	7538
7395	9070
7398	11125
7398	6081
7398	3761
7398	10139
7398	10909
7404	8248
7404	4662
7404	8419
7404	5051
7414	10361
7414	3592
7420	11681
7422	6322
7422	2534
7427	2147
7427	10473
7428	3971
7428	11715
7428	4105
7432	3504
7432	2070
7455	11718
7455	3404
7456	11211
7456	6915
7457	3971
7457	11715
7457	4105
7464	2059
7467	4293
7476	5661
7476	6153
7476	1016
7476	5715
7477	9275
7477	10369
7479	6004
7479	5055
7481	10197
7481	419
7490	353
7490	9811
7490	601
7490	3712
7496	8871
7505	1730
7506	4161
7506	11003
7506	5254
7522	120
7522	831
7522	1275
7522	1164
7530	7807
7530	1131
7543	4205
7543	2808
7543	8639
7543	11921
7545	2196
7545	11120
7545	2933
7545	1580
7556	10827
7556	9028
7556	11864
7556	115
7556	3729
7558	6160
7558	3324
7558	5438
7558	817
7574	2885
7574	4957
7606	8489
7606	9548
7611	10371
7611	373
7620	4706
7620	3760
7620	1439
7624	617
7625	8516
7631	5648
7636	2899
7636	10564
7638	8466
7638	8745
7639	8805
7639	3573
7639	9239
7653	1740
7653	10645
7654	1956
7654	2243
7654	3429
7663	1909
7663	7521
7663	6731
7663	9887
7663	4398
7665	4716
7665	8592
7670	3681
7670	8667
7670	10657
7670	9428
7670	6312
7674	11172
7688	9424
7699	6461
7699	11755
7699	7694
7733	455
7734	836
7740	5877
7758	10396
7763	11545
7763	10207
7763	6841
7763	6879
7763	4016
7763	1954
7763	8510
7768	3527
7768	2607
7768	6381
7776	2086
7784	9554
7784	463
7784	3929
7784	6225
7784	8303
7805	296
7805	6422
7805	8216
7807	5283
7807	9911
7807	10366
7807	4406
7827	10276
7827	2005
7842	2617
7842	5679
7842	7260
7858	6669
7858	1267
7865	7755
7874	748
7884	10782
7886	5306
7900	5924
7900	11329
7900	7364
7910	1807
7910	9975
7911	3534
7928	8468
7928	11592
7929	3862
7932	366
7932	5163
7932	10246
7932	1449
7944	8127
7944	11154
7944	10723
7961	10706
7961	416
7961	4998
7970	11213
7970	8927
7970	8727
7970	5353
8001	10897
8001	7887
8006	3777
8006	1202
8006	2717
8024	9153
8029	9935
8037	9724
8037	7991
8038	1780
8038	8382
8038	3810
8041	6373
8041	5355
8043	1734
8043	3378
8043	3902
8043	5301
8043	8906
8053	8100
8053	7218
8053	7718
8053	8813
8068	11183
8068	7365
8068	1891
8068	9780
8070	4451
8070	9030
8079	7028
8079	3486
8085	5266
8085	9021
8085	4798
8085	4382
8088	10935
8098	248
8098	6604
8098	8495
8098	9032
8110	296
8110	6422
8110	8216
8121	9088
8121	3591
8123	312
8123	3941
8126	5402
8135	9045
8135	573
8138	6461
8138	11755
8138	7694
8150	6232
8150	5333
8152	11303
8152	6511
8156	1998
8156	4815
8156	11813
8163	11538
8163	9456
8163	755
8190	3909
8190	2082
8190	10067
8190	10356
8192	6023
8197	8395
8198	5514
8198	969
8198	8
8229	6928
8229	4040
8229	3114
8229	3465
8229	1028
8231	3666
8232	3507
8232	8189
8239	6582
8245	9455
8245	8158
8245	9903
8245	7541
8245	8590
8247	5592
8256	5914
8262	11443
8276	3534
8281	2432
8281	321
8281	9942
8281	9168
8286	11855
8286	10237
8288	10051
8288	9820
8288	10612
8288	6506
8293	2681
8293	7392
8293	9767
8298	8294
8298	772
8298	3753
8302	6759
8302	1932
8302	2475
8302	342
8302	11716
8302	1479
8302	500
8302	4563
8311	4650
8311	8713
8311	5777
8311	2968
8311	3295
8311	5940
8311	6010
8311	1515
8317	220
8317	6823
8317	10273
8317	54
8320	12106
8320	7793
8326	5812
8326	8995
8329	2853
8329	5329
8333	4786
8333	5546
8345	5968
8374	3868
8374	731
8374	11485
8375	4243
8375	10281
8375	9312
8378	7055
8378	10541
8383	8652
8383	10174
8383	3040
8383	8358
8393	5368
8393	1902
8393	7652
8393	981
8393	6751
8395	6618
8406	5574
8410	7715
8410	9154
8410	4402
8425	3669
8425	604
8426	8109
8427	2919
8427	1031
8437	9900
8437	7986
8437	8982
8446	6127
8454	9447
8454	8772
8457	7540
8457	10808
8457	2210
8457	164
8494	11433
8498	10508
8498	828
8498	2564
8498	8062
8499	4504
8499	6670
8522	6056
8523	9884
8523	912
8523	1412
8523	9253
8524	2059
8525	1777
8525	11587
8528	8561
8528	10297
8528	10814
8552	11064
8552	5716
8552	5007
8552	6579
8552	9077
8552	2533
8557	5995
8567	9841
8567	10351
8589	3082
8589	9571
8589	3601
8589	8192
8589	7015
8592	2934
8594	7862
8595	5747
8595	10350
8595	9720
8616	4459
8620	1896
8620	2788
8620	11635
8633	5660
8640	10923
8640	11192
8640	5497
8641	11778
8641	5852
8642	10944
8642	7999
8642	956
8642	1875
8642	1456
8642	9256
8642	5237
8658	6446
8658	10032
8658	8080
8658	2114
8672	7800
8672	3412
8687	9079
8691	6978
8691	9596
8691	2836
8691	9414
8695	8070
8695	5413
8695	11644
8695	10941
8703	7610
8703	10838
8750	4013
8751	8115
8751	6494
8755	3924
8755	3479
8755	6185
8756	6373
8756	5355
8761	10549
8761	5180
8761	10689
8761	5184
8761	8529
8761	5141
8761	1737
8761	60
8761	6680
8762	11310
8766	5430
8766	11014
8766	1218
8766	3052
8773	8476
8773	897
8773	788
8773	7272
8773	6038
8777	4625
8777	11173
8780	7695
8780	7907
8780	3390
8780	4454
8784	10789
8784	5929
8784	8823
8786	9100
8786	1223
8786	3973
8799	3350
8799	9725
8799	11689
8806	4482
8806	11982
8815	1485
8821	9747
8821	6339
8821	1266
8835	7050
8835	2365
8835	8538
8835	4909
8835	10359
8835	3854
8853	6452
8854	1590
8854	2503
8866	7540
8866	10808
8866	2210
8866	164
8886	2809
8900	8685
8900	8042
8912	11681
8914	10147
8918	10923
8918	11192
8918	5497
8924	8418
8924	3172
8924	10112
8926	4716
8926	8592
8928	1821
8928	9430
8928	4570
8928	4288
8928	1213
8928	8103
8928	886
8929	6355
8935	10685
8957	7566
8957	4825
8960	1129
8960	267
8960	7766
8960	4973
8962	1421
8962	8289
8962	8460
8970	10956
8971	11728
8971	11275
8971	7022
8971	1670
8979	6595
8979	1149
8983	2196
8983	11120
8983	2933
8983	1580
8989	5297
8989	4859
8991	533
9009	7781
9009	7058
9009	3483
9012	377
9012	9333
9014	9374
9015	1780
9015	8382
9015	3810
9041	120
9041	831
9041	1275
9041	1164
9045	12100
9045	10367
9049	2395
9049	1269
9055	4504
9055	6670
9072	143
9076	6097
9076	5213
9076	7941
9086	5718
9091	3899
9105	647
9105	9888
9105	4263
9105	3690
9109	6697
9109	754
9110	647
9110	9888
9110	4263
9110	3690
9114	1777
9114	11587
9117	8561
9117	10297
9117	10814
9120	220
9120	6823
9120	10273
9120	54
9137	7426
9137	8324
9151	1631
9151	5382
9164	7062
9164	10777
9173	11622
9173	5932
9173	7342
9174	11854
9174	11288
9177	9886
9212	5323
9216	10935
9251	8282
9262	6669
9262	1267
9264	9397
9264	8939
9269	10197
9269	419
9279	11303
9279	6511
9298	7955
9298	4666
9310	9058
9310	8356
9310	1534
9313	10130
9313	2707
9313	4355
9313	4820
9313	9330
9313	8710
9313	3642
9315	1302
9321	4664
9321	7922
9321	11511
9321	8812
9328	11185
9328	5066
9328	2047
9337	4995
9337	7179
9338	1979
9338	1083
9338	642
9339	10447
9339	11973
9339	5308
9339	8374
9339	7861
9341	5724
9341	3703
9341	6323
9341	12058
9341	11254
9341	8607
9341	9511
9346	4160
9346	7340
9350	11855
9350	10237
9352	1860
9352	1517
9352	129
9359	7675
9359	1052
9359	212
9359	3080
9362	476
9362	10500
9362	4711
9362	2953
9363	7591
9363	10699
9366	11914
9366	9695
9366	155
9366	2456
9373	8605
9373	6643
9373	11342
9381	3909
9381	2082
9381	10067
9381	10356
9396	7102
9408	4786
9408	5546
9422	11914
9422	9695
9422	155
9422	2456
9427	3182
9431	4160
9431	7340
9434	4593
9434	2516
9434	4184
9435	11082
9435	11002
9435	7854
9435	4619
9451	5514
9451	969
9451	8
9452	10782
9456	7755
9460	5125
9460	11985
9460	5545
9460	3696
9460	496
9460	3921
9467	10247
9467	11947
9478	10147
9480	5013
9480	9236
9480	11483
9480	445
9489	7994
9489	11617
9489	6497
9489	4055
9489	8586
9492	1094
9492	1322
9524	306
9524	3767
9530	7270
9530	5092
9530	243
9532	3649
9532	3227
9532	7135
9532	6495
9532	8610
9532	10565
9546	11611
9546	10743
9546	9656
9546	10572
9550	5733
9582	5681
9582	8423
9586	516
9586	11416
9586	9445
9593	2853
9593	5329
9596	1896
9596	2788
9596	11635
9599	12048
9599	6574
9607	7529
9619	377
9619	9333
9632	3140
9632	9438
9632	8053
9632	10979
9655	7795
9657	2318
9664	4540
9669	936
9669	2039
9669	2946
9669	5480
9670	12094
9679	2035
9681	9680
9696	7823
9696	4346
9696	4914
9700	61
9700	1077
9700	11429
9700	4990
9700	2244
9700	3967
9709	7267
9709	3437
9727	1594
9745	3924
9745	3479
9745	6185
9762	490
9762	8011
9762	1339
9763	7148
9763	5935
9770	4248
9770	8556
9770	4985
9773	8300
9773	8859
9773	2321
9773	5412
9773	7409
9773	11281
9773	11821
9778	12033
9778	2997
9778	4840
9780	5964
9810	7337
9810	9833
9810	9031
9810	11672
9810	2648
9810	3162
9810	5958
9810	11859
9828	7374
9829	8869
9829	5282
9829	1905
9829	10321
9842	9501
9843	516
9843	11416
9843	9445
9844	8826
9844	6543
9844	8168
9855	10302
9855	8275
9855	5369
9855	644
9855	4589
9865	2705
9865	6296
9865	8708
9877	1864
9877	1495
9877	4899
9877	6847
9877	2064
9878	6232
9878	5333
9899	5255
9899	7134
9899	3372
9901	4161
9901	11003
9901	5254
9902	4635
9902	10884
9912	482
9916	733
9916	9978
9916	9286
9932	5476
9932	11344
9932	779
9964	344
9964	1125
9964	3719
9964	10117
9974	9742
9986	6363
9986	11231
9986	8536
9992	5127
9992	6165
9992	6156
9994	4818
9994	631
9994	9923
9994	7947
9994	9036
10018	7070
10018	9289
10018	5408
10021	10858
10021	10552
10021	2978
10021	5533
10021	9394
10021	10443
10021	11844
10030	11172
10031	3428
10038	2617
10038	5679
10038	7260
10042	1072
10042	7471
10042	10193
10058	11627
10058	502
10058	6822
10058	6529
10061	11538
10061	9456
10061	755
10062	8248
10062	4662
10062	8419
10062	5051
10067	10116
10067	4639
10098	9442
10098	6154
10100	6634
10100	7782
10100	4843
10123	4238
10123	9961
10123	3228
10125	1740
10125	10645
10130	3125
10130	3457
10131	6810
10131	4715
10131	5656
10145	9561
10145	3727
10145	10
10145	106
10145	1278
10145	6612
10145	8414
10149	5448
10149	5029
10175	9900
10175	7986
10175	8982
10181	8020
10181	582
10181	9241
10181	11815
10181	8650
10181	719
10185	3298
10185	348
10187	9103
10187	3152
10187	7822
10187	8864
10187	11141
10187	12041
10187	9052
10192	5879
10192	2162
10192	5454
10192	9458
10192	7979
10192	1746
10192	8117
10198	11299
10198	5116
10198	10986
10198	10943
10198	2755
10199	4848
10202	6721
10204	235
10215	1302
10220	6004
10220	5055
10221	6363
10221	11231
10221	8536
10223	12048
10223	6574
10227	6361
10227	3200
10241	1795
10241	7557
10241	1815
10248	1413
10248	4997
10259	4932
10259	1940
10261	1734
10261	3378
10261	3902
10261	5301
10261	8906
10264	7807
10264	1131
10266	7779
10266	2409
10266	3983
10266	4727
10273	5341
10273	8934
10279	10537
10279	3195
10281	4635
10281	10884
10285	3045
10287	10899
10287	628
10294	5982
10294	6379
10294	8467
10294	8154
10319	1199
10319	8191
10330	6385
10330	11131
10331	7660
10341	1864
10341	1495
10341	4899
10341	6847
10341	2064
10363	9103
10363	3152
10363	7822
10363	8864
10363	11141
10363	12041
10363	9052
10378	9873
10378	1287
10378	4390
10378	6884
10378	8984
10383	7753
10384	7567
10387	2799
10387	10665
10387	1417
10392	3922
10397	2885
10397	4957
10403	7729
10405	3981
10405	315
10405	2076
10418	2423
10418	7097
10418	6448
10449	6908
10449	5575
10453	7488
10460	8653
10460	8396
10460	9585
10461	11438
10462	9386
10462	12027
10464	3439
10470	11400
10470	742
10500	8874
10500	1976
10500	6220
10500	9119
10500	11556
10515	1894
10515	5583
10516	10751
10516	2927
10516	2274
10517	240
10517	10950
10517	4250
10517	2435
10517	2122
10517	430
10522	2711
10522	3066
10522	8946
10522	839
10524	5410
10544	7660
10547	11407
10547	283
10548	975
10548	11583
10548	10017
10548	9486
10550	7472
10550	9102
10550	8768
10550	9619
10553	748
10558	2903
10561	11230
10575	1091
10575	645
10575	10461
10575	7951
10575	10831
10575	408
10580	382
10580	6926
10580	5785
10580	7812
10589	9781
10589	1555
10589	8169
10589	6480
10596	5662
10600	2835
10600	8371
10600	1808
10600	4989
10600	5043
10600	5303
10600	2463
10602	3984
10602	11380
10605	675
10611	420
10611	6765
10611	1585
10611	535
10611	7503
10611	5433
10611	616
10619	6403
10623	9884
10623	912
10623	1412
10623	9253
10673	2692
10673	6080
10678	9179
10678	12036
10678	339
10678	5203
10697	10377
10697	4208
10701	1560
10701	6393
10713	7210
10713	2417
10713	3804
10713	12045
10713	614
10727	2909
10727	11060
10727	5547
10748	7007
10748	3261
10748	109
10757	5485
10757	4949
10757	2222
10757	4439
10762	2141
10781	9248
10791	1537
10791	10577
10791	11075
10791	3042
10791	8380
10791	10421
10791	2066
10791	10540
10791	761
10791	11057
10792	5233
10792	5468
10792	11708
10815	2705
10815	6296
10815	8708
10819	8575
10819	11629
10819	9084
10819	10667
10819	11480
10824	3610
10824	9195
10824	3992
10824	1759
10829	8587
10865	5660
10866	6355
10881	11012
10882	1088
10882	7229
10882	4920
10882	7693
10896	1465
10896	8876
10896	10644
10901	709
10908	11488
10908	10532
10908	9481
10911	4030
10911	10816
10911	5393
10911	7493
10911	5980
10917	5914
10923	6548
10942	533
10946	5580
10946	9536
10946	8916
10946	1959
10947	7212
10947	2567
10947	8649
10947	4812
10947	2627
10947	3791
10951	7631
10951	3565
10953	3631
10959	353
10959	9811
10959	601
10959	3712
10962	5877
10977	3538
10977	4814
10983	9408
11005	9302
11005	9860
11006	1776
11020	472
11020	6472
11025	1508
11025	340
11025	9407
11025	8670
11025	4546
11025	8054
11027	10724
11027	914
11030	65
11031	9397
11031	8939
11037	7925
11038	11728
11038	11275
11038	7022
11038	1670
11041	11222
11041	6973
11051	3708
11053	1681
11053	4175
11053	1214
11054	476
11054	10500
11054	4711
11054	2953
11060	2850
11062	7529
11064	8805
11064	3573
11064	9239
11067	11883
11071	5127
11071	6165
11071	6156
11087	1730
11123	7538
11123	9070
11133	9446
11133	3332
11137	1321
11137	276
11137	3336
11137	3942
11137	2294
11138	10521
11138	738
11138	7255
11150	1956
11150	2243
11150	3429
11157	617
11158	3257
11158	6059
11165	7779
11165	2409
11165	3983
11165	4727
11170	7245
11170	10742
11170	4900
11172	5581
11172	8603
11172	7399
11172	58
11187	10324
11187	1362
11187	7494
11187	3603
11187	3856
11187	794
11189	4823
11189	1962
11189	3740
11191	2797
11200	7104
11200	3679
11200	6761
11200	2072
11212	7253
11212	10607
11212	6771
11213	3395
11220	10544
11220	2667
11220	137
11232	7104
11232	3679
11232	6761
11232	2072
11234	5581
11234	8603
11234	7399
11234	58
11246	3022
11256	2962
11256	1942
11256	2221
11256	7516
11264	5769
11269	10544
11269	2667
11269	137
11272	7856
11272	10400
11290	11211
11290	6915
11296	4243
11296	10281
11296	9312
11299	900
11312	4420
11312	11224
11317	8763
11317	913
11317	7560
11318	1779
11333	5384
11333	9208
11365	1088
11365	7229
11365	4920
11365	7693
11373	2432
11373	321
11373	9942
11373	9168
11382	12017
11382	8473
11382	6034
11382	8545
11388	2786
11397	3722
11397	4640
11397	9930
11402	5574
11414	3035
11414	2340
11414	2601
11414	2124
11418	7055
11418	10541
11422	9174
11422	6934
11422	7329
11427	10310
11435	7631
11435	3565
11444	5684
11444	9193
11446	8264
11446	640
11450	1161
11450	1806
11450	10531
11452	6098
11459	3018
11459	3766
11460	726
11460	1108
11464	2007
11464	7098
11464	1651
11475	10521
11475	738
11475	7255
11480	8346
11499	3125
11499	3457
11501	472
11501	6472
11502	3989
11513	6978
11513	9596
11513	2836
11513	9414
11514	9646
11514	6455
11519	2366
11519	1553
11519	6141
11532	1321
11532	276
11532	3336
11532	3942
11532	2294
11551	116
11551	11086
11551	3338
11551	1796
11555	6459
11555	7123
11555	9660
11563	2543
11568	11217
11568	7778
11568	10072
11568	1053
11568	4170
11568	4339
11570	5862
11574	9939
11574	9014
11580	10624
11580	11789
11580	2100
11591	1795
11591	7557
11591	1815
11594	6774
11594	7742
11595	5661
11595	6153
11595	1016
11595	5715
11597	7927
11597	6075
11597	4933
11598	6453
11598	5337
11598	7211
11598	5046
11598	9175
11600	11833
11601	11924
11601	4741
11601	10962
11601	392
11604	6385
11604	11131
11606	11070
11606	9868
11606	1570
11606	6262
11606	6426
11608	10827
11608	9028
11608	11864
11608	115
11608	3729
11618	10250
11618	7348
11636	6224
11648	2443
11652	9166
11652	4363
11661	4689
11661	6642
11665	10828
11665	5526
11665	5674
11665	5510
11665	4491
11673	7859
11673	5840
11676	11622
11676	5932
11676	7342
11680	1381
11680	2826
11684	4907
11684	8381
11692	9112
11692	11446
11692	9898
11719	7839
11719	3614
11723	3785
11723	10526
11732	7070
11732	9289
11732	5408
11748	10144
11748	7815
11748	3953
11748	5702
11762	7856
11762	10400
11782	4684
11782	2499
11796	3321
11796	11619
11797	6453
11797	5337
11797	7211
11797	5046
11797	9175
11798	71
11801	11545
11801	10207
11801	6841
11801	6879
11801	4016
11801	1954
11801	8510
11810	4303
11810	182
11810	9557
11813	9495
11813	5090
11823	11363
11829	5266
11829	9021
11829	4798
11829	4382
11834	7337
11834	9833
11834	9031
11834	11672
11834	2648
11834	3162
11834	5958
11834	11859
11839	9153
11847	5802
11851	9530
11851	5128
11851	5391
11862	10279
11862	409
11862	218
11862	11933
11862	6636
11864	6595
11864	1149
11879	2366
11879	1553
11879	6141
11903	975
11903	11583
11903	10017
11903	9486
11906	5155
11906	6187
11906	4331
11906	1461
11908	11249
11913	7301
11913	7305
11942	10508
11942	828
11942	2564
11942	8062
11945	5982
11945	6379
11945	8467
11945	8154
11958	861
11962	10724
11962	914
11967	1325
11967	7264
11971	7562
11972	7267
11972	3437
11977	5662
11979	7148
11979	5935
11984	6160
11984	3324
11984	5438
11984	817
11987	3303
11987	11928
11987	1228
11987	6717
11987	2142
11991	8100
11991	7218
11991	7718
11991	8813
11995	1537
11995	10577
11995	11075
11995	3042
11995	8380
11995	10421
11995	2066
11995	10540
11995	761
11995	11057
11997	1881
11997	141
11997	181
11999	1818
11999	10199
11999	6245
12004	10930
12004	11166
12004	6521
12004	8365
12011	5383
12011	12015
12011	4607
12016	3386
12029	4430
12029	7612
12029	3828
12029	581
12034	7261
12034	9771
12048	6774
12048	7742
12051	4238
12051	9961
12051	3228
12052	2896
12064	11816
12064	2363
12064	5993
12064	7892
12065	2681
12065	7392
12065	9767
12066	5255
12066	7134
12066	3372
12068	5611
12068	11348
12068	11258
12068	7033
12068	7039
12068	505
12072	720
12072	9987
12072	10254
12076	8653
12076	8396
12076	9585
12079	9058
12079	8356
12079	1534
12084	5681
12084	8423
12085	5587
12085	4411
12085	4893
12093	3577
12093	11306
12093	6485
12099	1314
12099	6985
12102	62
12102	2283
12102	8656
12103	473
12103	6775
12103	11724
12103	2901
12106	9171
12106	4723
12106	816
12111	7566
12111	4825
