1	9805
3	5755
8	8198
10	2193
12	158
16	1676
17	2163
18	16
20	2685
21	5458
24	1029
27	2662
28	4667
35	3563
41	1539
43	546
46	4215
47	96
48	3535
50	4114
51	10781
53	8235
54	8317
58	11234
60	8761
61	9700
62	305
64	11317
65	670
67	5805
69	11930
70	2620
71	11798
74	11501
76	1117
77	3858
78	2052
85	4598
86	11108
89	7372
94	11520
95	10387
96	8184
98	9076
103	6180
106	2193
108	9992
109	10748
110	6435
112	5126
115	7556
116	11551
120	7522
123	690
124	4747
125	2369
129	3421
130	7400
137	11220
138	1606
142	4269
143	9072
146	4489
155	9366
158	302
164	8866
165	5119
167	3373
168	5284
169	9313
171	11496
177	5243
182	11810
187	9974
188	10548
191	7204
195	5071
197	7254
201	4797
204	6117
209	11462
210	4591
212	9359
215	1726
218	6389
220	8317
222	4476
223	2102
227	4460
229	11200
233	2251
234	10524
235	10204
240	10517
242	1620
243	460
244	7209
245	6257
246	1216
248	4114
249	483
250	1606
256	7190
257	263
259	5817
262	8198
263	2348
264	4269
265	10977
267	8960
268	7150
269	2186
270	1545
271	365
272	1394
276	11532
281	10494
283	10547
288	7865
290	5709
293	11940
295	879
296	7805
299	8786
300	6949
301	7858
302	1522
303	5979
305	6343
306	3655
312	4041
314	3146
315	10405
316	8991
320	9062
321	8281
329	2886
331	1539
332	9828
334	1640
336	5243
339	10678
340	6469
342	2155
344	9964
347	1394
348	6966
349	4014
351	1999
353	7490
354	356
356	3178
361	1819
365	5646
365	4178
366	7932
373	7611
374	10076
375	5
376	3835
377	9012
380	7763
382	2767
383	9086
385	3163
386	4718
392	11601
393	5241
405	6348
407	9709
408	2751
409	6389
410	2834
412	503
415	1279
416	7961
418	1486
419	7481
420	10611
421	3738
423	6206
424	10362
425	4237
429	7323
430	10517
434	3120
435	10362
436	2994
441	5709
443	11354
445	4918
446	9539
447	8258
452	11551
453	449
454	2574
455	7733
458	2663
463	4104
464	2148
466	7932
467	4719
468	6974
472	11501
473	4325
474	6230
475	564
476	9362
480	11920
481	3695
482	9912
483	6441
484	8775
485	8058
488	1663
489	2237
490	9762
492	7381
496	9460
500	2155
502	10058
503	787
505	1964
512	5623
516	9586
521	11189
524	51
531	4565
532	12016
533	8991
535	10611
536	6433
540	10558
541	7323
544	549
546	2442
547	5915
549	11667
550	4014
552	2719
553	4489
557	7654
558	1985
560	130
564	11809
566	10460
573	8135
574	9958
575	9537
576	11704
579	3000
581	5143
582	10181
584	5008
585	4086
588	6806
589	11970
591	589
593	7387
598	1443
601	7490
604	8425
609	2208
610	5395
613	4718
614	1634
615	10362
616	10611
617	7624
619	8427
620	8751
624	8383
626	4269
628	5505
631	9994
632	8558
639	7323
640	6558
642	9338
643	8765
644	2925
645	2751
647	9105
648	7920
653	2424
655	1747
656	1935
657	3112
665	12055
667	8235
668	1486
669	7230
670	3876
671	10241
677	2886
679	86
683	284
685	6048
686	5668
690	10996
691	8383
697	3467
698	11884
700	5696
702	1526
703	438
704	2815
705	1599
709	10901
710	845
719	10181
720	5621
724	503
726	11460
727	8640
729	10623
731	389
733	9916
738	11475
739	2754
740	9994
741	11797
748	10553
754	9109
755	8163
756	574
761	11995
767	962
772	1898
775	2745
779	5381
782	4598
784	263
788	8773
789	2748
791	6658
794	1229
795	11548
796	795
807	3112
814	3676
816	1182
817	11984
819	4845
820	1309
823	9467
823	3215
824	7911
826	3104
827	2434
828	11942
831	7522
835	2663
836	7734
837	841
838	3357
839	2075
843	10621
844	11382
845	1748
847	2155
848	4586
850	1229
855	9086
856	1348
857	7099
858	10977
861	11958
864	2144
865	3839
867	2584
872	1084
873	2924
875	6610
878	564
881	5889
883	841
885	6749
886	5745
888	7476
890	2083
892	15
896	549
897	8773
898	2101
900	4745
902	6376
903	1659
909	4053
911	3418
912	10623
913	11317
914	11962
928	8317
933	10057
934	5509
936	2002
937	11220
940	885
948	2155
949	8819
951	1279
952	9234
953	9471
956	8642
960	3619
964	7324
966	4438
967	7283
968	963
969	8198
972	1997
975	10548
979	3220
981	8393
982	6667
985	3655
987	1389
990	7785
992	11361
994	8929
995	6615
1014	86
1015	7490
1016	7476
1021	760
1022	11501
1026	10412
1027	9510
1028	3695
1031	8427
1032	6100
1034	5292
1039	2688
1041	1652
1042	1652
1043	8695
1048	9632
1052	9359
1053	5624
1056	1599
1058	11427
1059	1930
1061	2102
1063	7653
1066	86
1069	3265
1071	6977
1072	10042
1077	9700
1080	1458
1081	1999
1083	9338
1088	10882
1089	632
1090	6536
1091	2751
1094	6268
1096	9467
1096	3215
1102	2996
1103	5699
1107	4489
1108	11460
1109	1599
1110	6487
1113	8799
1116	1882
1120	10819
1123	1124
1125	9964
1126	7842
1129	8960
1131	7530
1141	1144
1144	2684
1148	10608
1149	8979
1154	1143
1160	4269
1161	2655
1164	7522
1174	7805
1175	4407
1180	1182
1185	1184
1188	5067
1193	3841
1196	8804
1199	10319
1202	6178
1207	6789
1209	1872
1211	3236
1212	1260
1213	5745
1214	11053
1215	6440
1216	637
1218	5696
1222	1234
1223	8786
1225	589
1226	5241
1228	11987
1229	5872
1232	6066
1234	9376
1237	1260
1245	1304
1248	10882
1250	2369
1254	3392
1257	1872
1258	2991
1260	10855
1264	6066
1265	7398
1266	1657
1267	7858
1269	1974
1274	2831
1275	7522
1276	6902
1278	2193
1279	9300
1280	7599
1282	1279
1284	6862
1285	3416
1286	314
1287	5224
1288	9322
1292	5709
1293	4096
1295	4831
1297	2662
1298	887
1300	11499
1301	3563
1302	9315
1303	11382
1304	1705
1308	3373
1312	9700
1314	12099
1321	11532
1322	6268
1325	11967
1327	1697
1329	11246
1330	7353
1331	7377
1334	2505
1336	8786
1339	9762
1343	9118
1346	7873
1347	546
1348	11725
1350	1657
1351	8088
1352	6536
1354	4242
1357	7336
1358	4857
1359	4656
1361	1999
1362	1229
1364	6938
1370	6044
1371	4857
1372	483
1374	5094
1375	2163
1378	7872
1379	11798
1382	7309
1383	3655
1384	2970
1388	6572
1392	2584
1393	10261
1394	7749
1397	1394
1398	8499
1399	1401
1400	4371
1401	3633
1403	7310
1407	7872
1412	10623
1413	10248
1417	10387
1421	2307
1424	1999
1427	1866
1428	2875
1434	6469
1439	3801
1441	9072
1442	6142
1446	2854
1449	7932
1450	9467
1450	3215
1453	3547
1456	8642
1461	1526
1464	9251
1465	10896
1466	6249
1468	5124
1469	295
1476	2888
1478	6818
1479	2155
1482	1274
1483	6966
1484	4129
1485	2148
1488	9992
1489	66
1493	10196
1495	10341
1506	158
1508	6469
1515	8311
1517	3421
1526	3401
1527	1567
1528	1539
1529	10316
1530	3148
1531	7237
1532	9310
1534	9310
1536	5621
1537	11995
1539	3692
1545	880
1550	6315
1553	11879
1555	5316
1557	7060
1558	2886
1560	1264
1561	4921
1563	1721
1564	389
1565	1123
1567	10604
1570	1606
1575	2815
1580	7545
1583	3903
1584	10547
1585	10611
1587	11191
1589	6974
1590	8854
1593	11418
1594	9727
1595	1577
1599	7855
1600	3280
1601	575
1606	8719
1610	6206
1612	1964
1613	7961
1615	9086
1621	16
1627	5284
1630	11551
1631	2378
1634	6672
1635	1529
1636	2251
1640	6325
1643	10901
1645	6276
1647	7257
1651	6561
1652	1200
1653	2445
1657	11337
1658	4104
1659	8347
1663	8161
1666	356
1670	11038
1671	3918
1677	10387
1679	760
1681	11053
1683	11208
1689	4412
1690	11264
1697	4053
1698	8258
1710	1544
1711	2471
1714	12099
1716	4707
1717	8819
1720	396
1722	5957
1723	9298
1726	8938
1729	10514
1730	11087
1734	10261
1735	6368
1737	8761
1738	3525
1739	8394
1740	7653
1744	4598
1746	10192
1757	9362
1758	6180
1759	10824
1761	5071
1764	1058
1765	5025
1766	8375
1767	6977
1768	1769
1774	3835
1776	11006
1777	8525
1779	3526
1780	9015
1781	11851
1783	10439
1784	1721
1790	9700
1793	302
1794	8695
1795	10241
1796	11551
1797	3112
1801	7932
1805	7048
1806	2655
1807	7910
1808	6180
1809	1539
1810	3557
1813	4129
1815	10241
1818	5864
1819	11124
1821	5745
1822	4460
1823	108
1827	3628
1828	9679
1836	11311
1837	11834
1840	5417
1843	11382
1845	5357
1846	3634
1848	4129
1852	8163
1855	4068
1858	4880
1859	10202
1860	3421
1861	5275
1862	5817
1863	1486
1864	10341
1866	9732
1867	1866
1870	1348
1872	4535
1874	1872
1875	8642
1882	9211
1884	5887
1889	1882
1890	11588
1891	8068
1892	1769
1894	6615
1896	8620
1898	7911
1901	6637
1902	8393
1904	9072
1905	1407
1909	3858
1912	3148
1916	6637
1919	3557
1920	1634
1924	6024
1925	4553
1929	3218
1930	1933
1932	2155
1940	6507
1942	11256
1943	10270
1946	2606
1953	8307
1954	7763
1956	7654
1959	10946
1962	11189
1964	8260
1966	3236
1968	10585
1970	5238
1972	3201
1974	9974
1976	66
1977	356
1979	9338
1981	2688
1983	7323
1985	8281
1990	576
1993	6435
1995	3254
1997	6862
1998	3148
1999	11900
2002	2373
2005	671
2007	6561
2010	10091
2011	302
2016	9727
2021	121
2023	2834
2025	2052
2026	1386
2028	10124
2029	1659
2034	6789
2035	9679
2037	3259
2038	1184
2039	2002
2042	10202
2045	8135
2047	9328
2052	5633
2054	12065
2055	9770
2057	4378
2058	7936
2059	8524
2060	574
2062	6469
2064	10341
2066	11995
2067	4797
2068	7237
2070	7432
2071	1437
2072	11200
2075	4780
2076	10405
2079	4242
2080	2378
2081	434
2082	9381
2083	2359
2084	2190
2086	7142
2090	2089
2094	1123
2095	5165
2097	1529
2100	11580
2102	8339
2109	1340
2114	3738
2117	5244
2118	3557
2119	820
2122	10517
2124	2754
2134	10498
2139	2654
2140	782
2141	10762
2142	11987
2144	5936
2147	1640
2148	11163
2149	1659
2150	11021
2151	7636
2154	2155
2155	6145
2157	3112
2158	8920
2162	10192
2163	1268
2168	6732
2169	1144
2170	2168
2171	4438
2173	1229
2175	4789
2177	92
2184	1866
2188	1726
2190	4792
2193	4429
2194	1567
2196	7545
2208	4636
2210	8866
2213	1029
2214	1394
2216	8435
2219	3520
2220	4489
2221	11256
2222	576
2229	1304
2232	515
2234	2193
2235	3628
2238	3148
2240	5875
2243	7654
2244	9700
2248	4586
2249	2251
2250	4159
2251	10386
2253	5864
2256	5889
2257	6974
2261	5238
2265	4032
2268	10030
2271	1390
2274	10516
2275	8118
2277	6821
2281	10080
2283	305
2284	11386
2286	8780
2287	8751
2293	9353
2294	11532
2295	6487
2296	12065
2301	2396
2306	508
2307	3940
2309	2629
2318	4327
2319	11620
2321	6307
2325	6597
2326	3634
2329	2754
2331	7457
2334	10439
2336	1451
2339	9177
2339	2426
2340	2754
2349	1401
2350	3201
2351	6998
2353	1039
2354	10824
2357	1999
2358	964
2361	10042
2363	3626
2364	1659
2365	8835
2366	11879
2369	6577
2376	3525
2377	7932
2378	11580
2379	11582
2380	3676
2384	1811
2387	5094
2389	10681
2391	158
2392	10261
2394	6584
2395	1974
2397	4102
2399	2144
2401	8448
2404	7205
2409	11165
2416	6658
2417	1634
2420	4553
2423	10418
2424	133
2426	5913
2427	593
2429	11554
2432	8281
2433	3148
2435	10517
2436	7048
2443	11648
2444	2875
2445	606
2447	2445
2450	10042
2452	7625
2453	6130
2456	9366
2462	9632
2463	6180
2464	3144
2466	2424
2470	10204
2474	7563
2475	2155
2476	4098
2479	6938
2483	9363
2486	4029
2489	2488
2490	10388
2492	2834
2496	5357
2499	11782
2503	8854
2508	3634
2509	8979
2511	2663
2512	11574
2513	2851
2515	10819
2516	9434
2521	3858
2525	11987
2526	4460
2527	2336
2530	2287
2533	8552
2534	6206
2536	10362
2539	4728
2540	7346
2543	588
2544	11995
2551	6692
2552	497
2559	11427
2563	7522
2564	11942
2565	1858
2567	845
2570	11834
2571	10241
2574	11713
2581	2586
2582	2028
2583	11580
2584	576
2586	3450
2589	9209
2597	1229
2599	2780
2601	2754
2605	5959
2607	6376
2608	1029
2617	7842
2619	8079
2620	9063
2623	4210
2625	9245
2627	845
2628	2629
2630	8800
2634	7013
2635	3801
2637	10824
2639	5357
2640	5805
2641	5677
2648	11834
2655	11551
2657	8041
2660	1117
2662	4479
2663	11834
2665	5577
2667	11220
2670	11272
2673	8311
2675	9992
2676	6372
2677	820
2680	2259
2681	12065
2685	6969
2688	13
2689	1039
2692	4251
2694	11719
2696	5440
2697	3329
2703	3858
2705	9865
2707	9313
2708	1539
2709	671
2711	2075
2713	6558
2714	10362
2717	6178
2719	10294
2722	820
2731	8281
2732	2419
2734	5087
2737	3280
2738	6348
2741	6615
2743	5751
2744	4732
2745	7624
2747	6584
2748	6722
2749	6536
2751	1702
2753	7900
2754	4091
2755	4789
2756	7911
2757	5189
2764	4086
2766	7469
2767	8019
2773	4586
2775	7099
2776	7060
2780	7398
2786	7283
2788	8620
2789	6998
2793	2144
2797	11191
2798	9581
2799	10387
2801	6667
2802	11165
2803	2945
2805	5381
2806	8499
2807	8317
2808	7543
2809	4068
2811	6536
2812	3511
2813	5224
2814	3557
2815	6961
2823	10149
2827	5417
2831	3318
2834	11165
2835	6180
2836	8691
2840	6433
2841	2143
2845	11425
2846	11076
2847	6745
2849	7077
2850	5358
2851	2577
2853	8329
2854	10762
2855	6789
2861	3201
2863	1697
2867	7910
2869	9670
2873	820
2874	7957
2876	1057
2881	6440
2882	2834
2883	2237
2885	7574
2887	9062
2890	4845
2896	12052
2899	7636
2900	1769
2901	4325
2903	10558
2905	3738
2906	7309
2909	10727
2912	564
2916	6998
2919	8427
2925	6359
2926	3630
2927	10516
2928	11594
2933	7545
2937	8094
2943	593
2945	8030
2946	2002
2951	4740
2953	9362
2954	11547
2959	3422
2962	11256
2964	7105
2968	8311
2970	11962
2972	7884
2973	4956
2974	7318
2975	1866
2976	5244
2978	5025
2979	10498
2981	6938
2982	4114
2983	9229
2984	7932
2992	6707
2994	8835
2997	9778
3002	8286
3004	2052
3005	3421
3007	3590
3009	5569
3015	9298
3018	2831
3019	3535
3022	11246
3026	2315
3032	660
3035	2754
3036	6318
3037	2251
3038	74
3040	8383
3042	11995
3043	4086
3045	10285
3047	96
3048	4050
3052	5696
3058	7254
3063	686
3065	483
3066	2075
3070	1721
3071	2715
3072	11604
3074	8151
3078	10824
3080	9359
3082	1872
3087	5238
3090	7121
3092	8528
3092	9117
3096	9313
3097	7094
3100	6637
3102	11834
3104	6190
3109	1084
3110	1142
3111	3112
3112	9909
3114	3695
3116	11512
3117	1545
3125	11499
3126	11962
3128	10135
3129	6977
3130	11995
3134	9460
3136	2102
3140	9632
3142	10363
3144	10480
3148	8493
3152	10363
3154	302
3155	6178
3162	11834
3163	10155
3166	6692
3167	8068
3168	5621
3169	124
3171	5548
3172	8924
3175	1184
3182	795
3184	8401
3188	588
3191	546
3195	6257
3196	1348
3197	4029
3200	5134
3201	4550
3202	6601
3204	10762
3205	10362
3206	1389
3209	3201
3221	10192
3227	9532
3228	12051
3231	10334
3232	8079
3234	7257
3236	3519
3239	3236
3244	2241
3248	2052
3250	1143
3254	3755
3256	6558
3257	2606
3258	5165
3261	10748
3265	6421
3272	11732
3273	3032
3274	3674
3278	10911
3279	1655
3280	11500
3282	9735
3284	6977
3285	8846
3286	2654
3289	3545
3292	1272
3293	10507
3295	8311
3296	564
3297	6806
3298	6966
3303	11987
3309	10334
3310	593
3312	2751
3313	2090
3317	4242
3321	6100
3322	3432
3324	11984
3327	8235
3330	158
3331	3590
3332	5440
3333	449
3336	11532
3338	11551
3339	4755
3345	11719
3348	5509
3349	11797
3350	8799
3351	4735
3361	5381
3362	1872
3365	11810
3367	11748
3372	9899
3373	8152
3376	11987
3378	10261
3380	3605
3385	9381
3386	12016
3390	8780
3392	11733
3395	2259
3396	7213
3397	9205
3400	2777
3402	7222
3404	7455
3405	3396
3411	4167
3412	8672
3415	12008
3420	2052
3421	2679
3422	1238
3425	5805
3428	2377
3429	7654
3430	5241
3434	1652
3435	26
3437	9709
3439	2665
3442	6348
3443	1058
3448	10611
3454	9434
3455	5787
3457	11499
3459	305
3465	3695
3467	2468
3468	10946
3471	5915
3472	648
3474	3605
3475	8135
3479	9745
3483	9009
3486	8079
3487	2654
3488	3655
3490	7910
3492	4586
3498	9434
3504	7432
3505	4553
3509	7077
3514	1234
3516	4460
3517	8126
3520	3626
3525	2410
3526	6077
3527	6376
3534	7911
3535	10436
3538	10977
3545	3948
3546	7094
3558	4889
3561	5786
3562	10149
3563	6939
3564	302
3565	11435
3566	11418
3567	4098
3571	9358
3573	7639
3575	3526
3576	3655
3577	6542
3579	4259
3589	5381
3590	7583
3591	8121
3592	5824
3594	86
3597	1084
3601	1872
3603	1229
3604	5320
3605	2586
3607	11246
3610	10824
3614	11719
3615	2144
3616	4598
3617	314
3619	8193
3621	3570
3622	3392
3624	3626
3626	11066
3628	6348
3630	3563
3631	6048
3632	11648
3634	509
3637	11123
3642	9313
3644	6341
3645	4086
3646	10331
3647	2815
3649	9532
3655	238
3661	485
3665	5548
3666	1400
3669	8425
3670	3574
3671	3032
3674	1858
3679	11200
3680	589
3681	7670
3684	11422
3686	8286
3690	9105
3694	3695
3695	5798
3696	9460
3701	3676
3702	9434
3703	6142
3708	6024
3712	7490
3714	4877
3719	9964
3722	11397
3723	564
3724	8143
3727	2193
3729	7556
3731	10781
3732	2021
3736	7456
3737	3738
3738	6812
3740	11189
3741	6862
3745	7733
3750	7230
3753	1898
3757	5709
3760	3801
3761	7398
3762	3210
3763	4006
3766	2831
3767	3655
3769	4094
3771	5889
3774	10623
3777	6178
3785	1175
3790	1305
3791	845
3793	3790
3796	8041
3798	11165
3799	11476
3800	4210
3801	4198
3804	1634
3809	4242
3810	9015
3811	11566
3812	10453
3813	4129
3814	4586
3815	1400
3816	11634
3819	7230
3821	6637
3824	10091
3825	1941
3828	5143
3829	1599
3832	11208
3834	10553
3835	11984
3837	3563
3839	4381
3840	1573
3841	9976
3842	3995
3844	2625
3845	5842
3848	6888
3849	4210
3850	1348
3851	2144
3852	2751
3853	1394
3854	8835
3856	1229
3858	9705
3862	4006
3865	314
3868	389
3869	2037
3872	6637
3875	2190
3878	795
3886	4489
3888	9062
3889	3866
3895	8926
3897	902
3901	690
3902	10261
3903	5044
3904	77
3906	782
3908	3184
3909	9381
3910	7077
3911	11652
3913	3841
3918	9366
3919	1726
3921	9460
3922	6806
3923	8761
3924	9745
3926	6608
3927	1615
3928	7682
3929	4104
3931	8750
3932	574
3941	4041
3942	11532
3944	8239
3945	4104
3947	11797
3950	5428
3952	9679
3953	11748
3955	9326
3956	10946
3957	7237
3959	4745
3960	1442
3961	2193
3964	3738
3966	8640
3967	9700
3971	7457
3972	3970
3973	8786
3980	6974
3981	10405
3982	3628
3983	11165
3984	10602
3985	1343
3987	3676
3989	1646
3990	9902
3992	10824
3993	2307
3995	3839
4006	1646
4010	1985
4012	1348
4013	8750
4014	11244
4015	11031
4016	7763
4017	11123
4020	885
4022	11852
4024	3563
4025	6180
4026	9912
4029	1567
4030	10911
4034	9287
4036	7048
4037	4656
4039	1315
4040	3695
4041	2754
4044	9994
4045	7530
4048	10052
4049	4460
4052	3955
4053	7813
4055	9489
4057	10341
4059	4496
4060	593
4063	6307
4065	1395
4069	4068
4072	11798
4074	10949
4077	6821
4082	2662
4086	4084
4087	3408
4088	9763
4093	4041
4094	7251
4097	8819
4098	10149
4102	8032
4105	7457
4108	6000
4111	655
4112	2037
4114	6406
4116	7763
4117	8761
4119	3695
4122	4053
4123	6389
4124	8926
4126	3541
4127	7611
4129	10099
4131	8375
4132	5094
4134	6974
4137	8029
4138	3835
4139	11427
4140	3590
4142	5671
4147	314
4155	11220
4156	3676
4157	3525
4158	3557
4160	9346
4161	9901
4166	9357
4169	4857
4170	5624
4174	2102
4175	11053
4179	6100
4181	6603
4184	9434
4185	6307
4186	10534
4190	5509
4193	11501
4194	2144
4198	5905
4199	7060
4205	7543
4206	7323
4208	2620
4210	10609
4211	11851
4213	10181
4216	7659
4217	3520
4221	4460
4224	1769
4225	9977
4233	8924
4234	7842
4236	10611
4238	12051
4242	11623
4243	8375
4246	8333
4248	9770
4250	10517
4251	1886
4262	3148
4263	9105
4264	6804
4265	8672
4267	10623
4268	3373
4269	8409
4274	2748
4275	5241
4279	135
4280	2748
4282	11851
4288	5745
4293	7467
4303	11810
4305	4460
4306	10042
4307	5417
4310	10062
4311	4086
4312	4251
4316	11942
4320	2831
4325	8954
4327	8354
4329	9076
4331	1526
4333	5241
4336	2754
4337	5025
4339	5624
4340	3628
4342	77
4346	9696
4348	5
4350	686
4352	10289
4354	6389
4355	9313
4356	6348
4360	7386
4363	11652
4366	4394
4367	3547
4368	4098
4377	4378
4378	11827
4382	8085
4389	6793
4390	5224
4393	10362
4398	3858
4400	2745
4401	5273
4402	5104
4403	2412
4404	5281
4406	4050
4411	6254
4413	564
4417	11501
4420	11312
4421	1394
4423	11729
4425	1634
4426	2193
4430	5143
4431	11637
4438	635
4439	576
4441	6200
4442	7628
4444	5458
4446	4636
4447	11509
4448	10602
4451	3357
4452	1348
4453	11648
4454	8780
4458	10865
4459	7372
4460	5277
4463	6142
4464	11499
4465	158
4471	2251
4473	5126
4476	5562
4481	4460
4482	8806
4488	6584
4489	6766
4490	3184
4491	7386
4493	8524
4494	11200
4497	11797
4500	86
4501	11551
4502	9012
4504	8499
4509	10337
4510	7932
4511	5358
4512	12000
4513	7303
4514	2688
4516	6974
4517	5472
4517	3705
4519	10977
4521	827
4526	11040
4527	9202
4528	4061
4531	7244
4532	7257
4537	1348
4540	9664
4544	9362
4546	6469
4548	4187
4553	8893
4557	8329
4559	130
4563	2155
4568	5357
4570	5745
4572	8317
4574	6584
4576	3655
4578	263
4579	549
4580	4489
4582	4053
4586	2735
4588	126
4589	2925
4590	3563
4591	5690
4592	1858
4593	9434
4594	302
4598	793
4601	6347
4602	9412
4605	2251
4607	4053
4612	10764
4615	6938
4619	5880
4622	6100
4625	8777
4627	5677
4634	10946
4635	9902
4640	11397
4644	10407
4648	1084
4650	8311
4651	5126
4653	4198
4656	8786
4661	147
4662	10062
4664	9321
4666	9298
4667	810
4672	5244
4673	4671
4674	9532
4675	3396
4678	9916
4679	4735
4684	11782
4689	11661
4690	4053
4691	4735
4694	5458
4698	8393
4705	564
4706	3801
4707	7736
4711	9362
4713	4740
4714	593
4715	4797
4716	8926
4718	7087
4722	10781
4723	1182
4724	593
4725	2377
4727	11165
4728	3316
4730	5390
4731	6692
4732	6615
4734	5126
4735	6837
4739	2886
4741	11601
4744	2841
4748	8552
4754	9346
4756	11501
4757	7432
4762	4591
4763	11962
4764	1965
4767	4671
4768	10220
4772	15
4775	3801
4779	3563
4786	8333
4789	3033
4793	9763
4797	2988
4798	8085
4802	1448
4807	1890
4808	5790
4812	845
4813	7323
4814	10977
4815	3148
4818	9994
4819	1348
4820	9313
4823	11189
4824	9434
4825	12111
4827	3841
4829	2605
4831	10176
4835	603
4837	2556
4840	9778
4841	11995
4843	314
4845	950
4847	6044
4849	3060
4854	1826
4855	5244
4857	3225
4859	8989
4860	3104
4862	11005
4865	4144
4868	10148
4870	3831
4871	8525
4873	4210
4881	4006
4882	1260
4883	3903
4888	15
4893	6254
4894	7025
4899	10341
4900	6109
4902	2625
4906	1389
4907	6799
4909	8835
4910	5335
4912	8281
4913	11382
4914	9696
4915	9460
4918	5284
4919	4921
4920	10882
4921	8341
4929	2838
4932	6507
4933	11597
4934	9994
4938	4269
4938	144
4941	10221
4942	1567
4943	8855
4946	7740
4949	576
4952	4845
4953	7477
4954	5696
4957	7574
4958	5284
4959	3790
4960	5875
4962	11501
4963	2377
4964	4918
4971	6180
4973	8960
4974	5772
4975	10331
4977	1866
4981	5957
4985	9770
4987	6974
4989	6180
4990	9700
4994	990
4995	9337
4996	10202
4997	10248
4998	7961
5006	5008
5007	8552
5008	5349
5009	3841
5011	8524
5013	4918
5014	5025
5017	6789
5018	3254
5020	1659
5023	9532
5024	4098
5025	4370
5026	11115
5029	10149
5034	10167
5039	5957
5043	6180
5046	11797
5047	7434
5051	10062
5052	9989
5053	7061
5055	10220
5056	6507
5057	5241
5058	9434
5065	5709
5066	9328
5073	6368
5085	1123
5086	5087
5087	3788
5088	2155
5090	6614
5092	460
5094	3280
5096	1216
5104	11110
5107	10727
5109	8454
5110	3934
5116	4789
5119	5740
5122	9763
5123	1999
5124	8581
5125	9460
5126	2626
5127	9992
5128	11851
5134	4230
5136	3695
5138	1144
5141	8761
5142	1175
5143	1514
5145	8235
5148	6257
5152	2812
5155	1526
5162	10517
5163	7932
5165	6439
5168	9828
5170	5165
5178	4621
5180	8761
5181	5889
5184	8761
5185	7323
5187	5189
5188	5529
5198	5284
5201	1478
5202	8588
5203	10678
5206	5749
5210	2812
5213	9076
5218	105
5220	7013
5224	5222
5233	873
5237	8642
5238	10156
5240	11402
5242	6799
5244	4826
5247	4884
5248	1471
5249	9917
5250	2748
5254	9901
5255	9899
5256	2748
5257	1545
5266	8085
5272	434
5281	4647
5282	1407
5283	4050
5284	7234
5288	4918
5292	9106
5297	5496
5297	8989
5299	4641
5301	10261
5303	6180
5306	7886
5308	5188
5309	11847
5316	1659
5323	9212
5327	4102
5328	6572
5329	8329
5331	5889
5332	5241
5333	8150
5337	11797
5341	2101
5342	2193
5343	305
5344	5787
5353	6584
5354	2190
5355	8041
5357	7247
5360	4740
5368	8393
5369	2925
5370	5292
5371	1659
5373	7357
5379	8784
5381	9006
5382	2378
5383	4053
5384	5281
5386	5124
5391	11851
5393	10911
5397	6100
5398	3545
5402	8126
5403	3280
5408	11732
5409	3525
5410	10524
5412	6307
5413	8695
5416	4438
5418	8640
5420	434
5421	5238
5429	10362
5430	5696
5433	10611
5434	3738
5436	3634
5437	3392
5438	11984
5440	8888
5443	6066
5445	2226
5448	10149
5450	2251
5452	11797
5454	10192
5457	10819
5458	8773
5462	28
5463	2058
5465	5709
5468	873
5470	1529
5472	1368
5474	10524
5476	5381
5480	2002
5485	576
5486	10460
5492	6974
5493	1985
5497	8640
5498	820
5499	4489
5509	6163
5510	7386
5511	4378
5512	4718
5513	5509
5514	8198
5517	5126
5525	2586
5526	7386
5533	5025
5536	10418
5539	7077
5540	4628
5541	2234
5545	9460
5546	8333
5547	10727
5548	11456
5549	6702
5551	9240
5561	8786
5569	2662
5570	9487
5571	4435
5574	11402
5575	1882
5576	2129
5579	6130
5580	10946
5581	11234
5583	6615
5584	5606
5587	6254
5591	10775
5592	575
5595	2416
5596	1539
5600	10623
5601	5763
5604	2574
5605	5875
5606	8083
5609	8088
5611	1964
5614	8612
5619	5241
5621	1686
5624	6197
5628	158
5630	3201
5631	6315
5632	2412
5640	7398
5641	158
5643	4758
5646	1971
5648	5097
5653	5292
5655	1726
5656	4797
5657	8926
5659	9337
5660	10865
5661	7476
5662	11977
5666	3903
5667	86
5669	4686
5672	10517
5674	7386
5675	8736
5679	7842
5681	12084
5682	2058
5684	3630
5685	12052
5686	7386
5687	2251
5691	3555
5692	1726
5693	4210
5694	7872
5696	9081
5701	8079
5702	11748
5704	7060
5706	3757
5707	8926
5708	7574
5709	2112
5712	7658
5713	6200
5715	7476
5716	8552
5718	9086
5719	2606
5724	6142
5728	7670
5729	6637
5733	9550
5734	11418
5739	6007
5743	11189
5744	4242
5746	3676
5747	3866
5751	6436
5758	6615
5760	11477
5766	6981
5769	11264
5776	6024
5777	8311
5781	7230
5782	9086
5785	2767
5791	1721
5792	6572
5796	5780
5802	11847
5806	3695
5811	1599
5812	5614
5816	9321
5817	6597
5819	5696
5821	6637
5822	5824
5824	9345
5827	5915
5830	130
5834	6584
5837	4876
5840	2275
5842	7638
5847	1188
5848	356
5849	4956
5850	5817
5852	8641
5853	7077
5862	6213
5863	4876
5864	1492
5874	7561
5875	10045
5877	7740
5878	7077
5879	10192
5880	7459
5889	10002
5895	5731
5902	9272
5907	4198
5908	1599
5914	10917
5924	7900
5926	7924
5927	3396
5929	8784
5931	2102
5932	9173
5935	9763
5937	9109
5939	8425
5940	8311
5942	6981
5943	508
5945	1253
5949	9337
5952	11418
5954	2605
5957	1306
5958	11834
5961	5241
5963	8524
5964	2830
5965	11551
5968	1652
5969	10042
5973	5244
5978	632
5980	10911
5982	10294
5989	2021
5993	3626
5995	902
5998	4022
6002	4259
6004	10220
6005	5224
6006	11382
6010	8311
6012	11661
6014	4489
6015	8806
6016	885
6020	2193
6021	902
6024	9865
6026	632
6027	4598
6028	782
6029	9992
6030	7088
6033	655
6034	11382
6036	4098
6037	1401
6038	8773
6039	655
6040	3995
6044	6405
6046	1486
6047	2696
6048	686
6049	1697
6050	7283
6051	7359
6056	2685
6057	3201
6059	2606
6061	11264
6062	3280
6064	1775
6066	10584
6075	11597
6078	3275
6080	4251
6081	7398
6085	1819
6087	11847
6088	96
6091	9467
6091	3215
6092	5569
6095	74
6097	9076
6098	11452
6100	10409
6103	10716
6109	7067
6110	1858
6112	10553
6113	1964
6115	5292
6116	263
6118	7323
6119	6615
6121	8835
6122	7048
6124	7490
6127	1398
6128	9964
6130	7222
6137	818
6138	5515
6140	5658
6141	11879
6142	10664
6151	7911
6153	7476
6154	4166
6155	11000
6156	9992
6160	11984
6164	374
6165	9992
6166	2193
6178	1167
6179	2696
6180	6201
6182	7323
6184	2719
6185	9745
6186	11427
6187	1526
6194	7061
6196	7048
6200	6100
6202	2662
6206	8386
6211	3978
6213	9763
6215	1398
6216	1401
6219	885
6220	66
6221	2812
6222	2130
6223	1400
6224	5008
6225	4104
6228	6066
6231	9337
6232	8150
6233	2748
6236	6265
6238	3655
6239	8427
6240	6368
6245	5864
6246	8691
6247	5842
6250	1726
6254	10083
6258	6100
6260	11101
6261	6368
6262	1606
6263	6230
6264	9328
6266	1144
6268	4229
6279	5417
6284	841
6286	3184
6287	3148
6296	9865
6307	9406
6310	6603
6312	7670
6313	4094
6315	7451
6319	1726
6321	6315
6322	6206
6323	6142
6326	4085
6330	7094
6331	5104
6332	9346
6335	2663
6338	9709
6339	1657
6344	305
6348	9092
6349	7336
6354	8991
6355	8929
6358	1216
6360	12111
6361	5134
6362	132
6363	10221
6367	8991
6368	6938
6371	6376
6373	8041
6376	10975
6378	10303
6379	10294
6380	7336
6381	6376
6383	7003
6384	593
6385	11604
6388	7522
6389	11937
6393	1264
6396	2021
6397	9011
6398	9303
6399	7481
6403	10619
6413	8317
6414	5564
6418	973
6422	7805
6423	6200
6426	1606
6429	4378
6431	4086
6434	10062
6435	10649
6437	302
6440	2702
6442	6440
6446	3738
6447	2190
6448	10418
6452	8853
6453	11797
6455	11514
6459	11555
6460	6603
6461	8138
6462	16
6463	6178
6469	9404
6470	6469
6472	11501
6479	5558
6480	5316
6485	6542
6486	2696
6487	12065
6492	6692
6494	8751
6495	9532
6496	4656
6497	9489
6499	2163
6504	2279
6505	5550
6506	8288
6508	4591
6511	8152
6520	86
6521	12004
6523	10303
6524	2267
6525	6213
6529	10058
6534	30
6535	7013
6536	4771
6539	2028
6542	11837
6543	9844
6544	2586
6548	6433
6549	5768
6554	1304
6556	6558
6557	6100
6560	4831
6561	5199
6563	1659
6565	11839
6572	11819
6574	9599
6578	4789
6579	8552
6580	6658
6581	6048
6582	8239
6584	4485
6588	7309
6589	108
6591	6938
6594	356
6595	8979
6597	3025
6599	5134
6603	7670
6604	4114
6611	4086
6612	2193
6613	7654
6615	1878
6618	7244
6622	10601
6623	2767
6626	3882
6629	6469
6630	593
6631	2155
6632	4014
6633	7300
6634	314
6636	6389
6637	1115
6639	9072
6640	4797
6642	11661
6645	6044
6648	9755
6656	6542
6657	6658
6658	6309
6659	6148
6661	11005
6667	2625
6669	7858
6670	8499
6671	3563
6676	6789
6680	8761
6686	10911
6687	3201
6688	7309
6689	11031
6690	3467
6692	4428
6694	1539
6696	3089
6697	9109
6700	9313
6701	8037
6710	6833
6711	6763
6712	9727
6713	5509
6715	7638
6717	11987
6719	4210
6721	10202
6727	314
6730	2217
6731	3858
6733	4956
6734	4869
6735	4876
6739	5683
6740	7254
6744	1526
6748	2688
6751	8393
6752	4701
6758	515
6759	2155
6761	11200
6763	6710
6765	10611
6767	648
6769	4102
6770	2378
6771	1216
6772	6864
6773	4476
6774	11594
6775	4325
6778	7048
6779	8777
6783	210
6786	5742
6789	2774
6790	16
6795	2251
6799	9206
6802	10341
6806	7023
6809	2144
6810	4797
6815	302
6821	3467
6822	10058
6823	8317
6830	6734
6835	4560
6838	4745
6840	2419
6841	7763
6842	86
6844	7792
6845	2144
6847	10341
6849	6536
6850	5118
6852	6268
6855	4198
6856	3547
6859	11555
6861	624
6862	2587
6865	8306
6866	6974
6868	1593
6871	8853
6873	2144
6876	6130
6877	589
6879	7763
6884	5224
6885	6938
6892	10285
6893	3280
6894	2851
6895	576
6900	11475
6904	6902
6905	518
6908	1882
6910	8854
6913	11058
6914	9992
6915	7456
6916	1567
6917	7556
6920	2424
6921	266
6926	2767
6928	3695
6930	8799
6934	11422
6935	4757
6936	6597
6937	3563
6938	980
6941	6938
6943	3201
6947	8799
6951	9158
6952	2662
6955	9382
6960	2815
6962	2144
6966	5165
6967	7089
6972	1117
6973	2605
6974	4751
6976	8454
6977	6171
6978	8691
6981	9928
6982	1640
6985	12099
6987	4301
6990	5124
6995	9460
6996	2193
6998	6705
6999	6792
7001	96
7007	10748
7015	1872
7019	11991
7022	11038
7028	8079
7029	3801
7030	1697
7033	1964
7034	7230
7035	11652
7037	974
7038	3163
7039	1964
7040	3955
7042	5590
7045	3676
7046	5343
7048	7061
7050	8835
7051	1348
7052	3046
7055	11418
7057	9357
7058	9009
7060	5004
7061	580
7062	9164
7064	335
7070	11732
7071	11652
7072	958
7076	2163
7077	7431
7084	12084
7085	5889
7086	3144
7092	4327
7093	2424
7094	10037
7097	10418
7098	6561
7099	10221
7102	9396
7104	11200
7108	4636
7120	11396
7122	10824
7123	11555
7124	2251
7129	7902
7132	11234
7133	11991
7134	9899
7135	9532
7137	2251
7142	11471
7143	8288
7144	10611
7148	9763
7152	3557
7154	40
7155	4269
7156	10261
7159	782
7160	8824
7161	9865
7163	6350
7164	9296
7170	8929
7172	96
7175	5711
7177	2163
7179	9337
7180	1234
7184	158
7192	593
7193	10924
7194	7490
7195	2155
7210	1634
7211	11797
7212	845
7218	11991
7222	3863
7223	4528
7229	10882
7230	12081
7232	5677
7235	5134
7237	10184
7243	588
7245	6109
7247	5788
7249	8400
7253	1216
7254	1175
7255	11475
7257	10628
7259	7257
7260	7842
7261	989
7262	648
7264	11967
7267	9709
7270	460
7271	1890
7272	8773
7274	4857
7275	5292
7278	4062
7282	6658
7283	2369
7284	4528
7286	2310
7288	2415
7291	8215
7292	9460
7295	1478
7301	6702
7304	10267
7304	2008
7305	6702
7307	4598
7308	7309
7316	7740
7317	3918
7321	4656
7322	2190
7323	8442
7325	9644
7329	11422
7331	7543
7335	10619
7336	5084
7337	11834
7340	9346
7342	9173
7343	1659
7348	963
7350	6536
7352	7323
7353	7354
7356	5305
7360	8979
7361	841
7363	6658
7364	7900
7365	8068
7367	4636
7369	7372
7371	74
7372	10721
7373	6966
7374	9828
7376	8742
7377	8808
7378	10341
7382	1272
7385	2234
7386	6290
7388	7386
7389	5358
7392	12065
7398	2859
7399	11234
7403	1650
7404	87
7409	6307
7410	11397
7413	8866
7414	3580
7416	8695
7419	4831
7420	6089
7421	5824
7422	8817
7423	4094
7425	3280
7426	9137
7427	9613
7428	6816
7430	2665
7432	4533
7435	10781
7436	4259
7438	26
7439	2002
7441	7230
7444	3790
7448	6981
7449	5874
7455	7224
7456	7767
7457	2330
7462	4667
7463	5214
7464	3032
7471	10042
7472	6440
7475	7873
7476	3374
7477	4816
7479	39
7480	7477
7481	8615
7485	10516
7488	10453
7489	9313
7490	11393
7493	10911
7494	1229
7495	1394
7496	1999
7498	2251
7503	10611
7506	988
7508	9434
7513	5709
7514	6200
7516	11256
7517	11532
7519	3841
7521	3858
7522	8059
7527	4086
7529	9607
7530	10157
7532	7465
7533	2234
7535	5126
7538	11123
7539	2748
7540	8866
7541	3628
7542	8777
7543	7763
7545	3530
7548	7545
7549	12051
7551	7222
7554	7556
7556	8809
7557	10241
7558	4247
7560	11317
7562	11971
7566	12111
7567	10384
7574	5761
7575	10882
7585	1721
7587	6348
7588	760
7589	4086
7591	9363
7594	1348
7602	5817
7605	1400
7606	1569
7610	8703
7611	9090
7612	5143
7618	2688
7624	7870
7625	11625
7631	11435
7633	3574
7636	8819
7637	7858
7638	11391
7645	10619
7646	4438
7650	9460
7651	7077
7652	8393
7653	3525
7654	11283
7660	10331
7661	7117
7663	413
7667	10517
7669	2584
7670	9306
7671	10363
7672	1999
7674	11473
7675	9359
7676	7254
7679	1272
7684	1084
7687	10341
7688	3496
7693	10882
7694	8138
7695	8780
7696	4086
7697	8777
7705	5815
7710	305
7712	574
7713	686
7715	5104
7716	10882
7718	11991
7724	902
7727	3674
7729	4636
7734	7368
7735	11597
7737	4707
7741	7886
7742	11594
7743	2831
7745	5696
7753	10383
7755	7865
7756	10149
7758	6829
7761	1819
7763	102
7766	8960
7768	9301
7770	9177
7770	2426
7771	6637
7774	7638
7776	11142
7778	5624
7779	11165
7781	9009
7782	314
7791	302
7793	8320
7795	3029
7800	8672
7803	2812
7804	4586
7807	7530
7808	9745
7812	2767
7814	4789
7815	11748
7818	11614
7820	6100
7822	10363
7823	9696
7824	3163
7825	4460
7826	2148
7828	2275
7830	8281
7832	10865
7838	6821
7839	11719
7842	4239
7845	1652
7846	782
7854	5880
7856	11272
7857	3557
7858	6692
7859	2275
7861	5188
7862	8594
7866	1567
7869	7094
7872	1414
7873	7386
7874	4129
7875	7670
7876	1693
7880	4029
7883	6507
7884	10057
7887	2994
7890	11851
7892	3626
7894	2815
7895	7961
7896	5817
7898	10376
7899	1184
7900	3127
7903	96
7904	589
7907	8780
7910	8688
7911	2050
7912	1898
7922	9321
7923	5094
7925	11037
7927	11597
7928	10568
7930	1526
7932	206
7941	9076
7946	4707
7947	9994
7950	7094
7951	2751
7955	9298
7956	1144
7961	7326
7963	16
7970	8520
7973	9709
7978	3790
7979	10192
7981	3184
7982	4460
7984	7247
7986	8437
7988	10553
7990	3955
7991	8037
7994	9489
7995	4006
7999	8642
8006	8885
8007	9632
8010	3995
8011	9762
8013	3545
8020	10181
8028	546
8029	314
8038	3335
8039	8041
8042	5751
8043	10295
8045	8068
8049	210
8050	9727
8051	8703
8052	26
8053	9632
8054	6469
8057	2178
8061	10548
8062	11942
8068	853
8070	8695
8071	7639
8073	1407
8080	3738
8084	6213
8085	10718
8086	356
8088	6808
8089	4022
8095	2663
8096	1394
8098	2550
8099	9664
8100	11991
8101	6966
8103	5745
8109	8426
8110	4242
8115	8751
8116	10204
8117	10192
8120	5284
8122	5188
8125	7237
8126	8085
8127	3757
8128	10946
8135	4192
8138	1652
8139	575
8142	5124
8148	8152
8149	6658
8150	10420
8152	3326
8154	10294
8156	7012
8158	3628
8163	6912
8168	9844
8169	5316
8170	4166
8172	4210
8179	302
8182	10063
8183	3858
8185	11732
8186	7386
8190	11892
8191	10319
8192	1872
8195	11834
8196	4586
8197	3602
8198	10086
8202	7336
8204	12111
8209	1143
8212	2875
8214	3835
8215	10865
8216	7805
8220	5569
8225	2163
8227	11652
8229	5894
8231	1246
8232	4707
8235	10181
8243	9381
8246	3285
8247	4545
8248	10062
8252	8235
8256	3214
8257	8329
8258	1751
8259	9670
8261	989
8262	3535
8263	2144
8264	6558
8267	11402
8268	4104
8270	9599
8275	2925
8276	9692
8278	3995
8281	7942
8282	9251
8284	6862
8285	4476
8286	4930
8289	2307
8290	6974
8293	1367
8294	1898
8297	365
8299	6902
8300	6307
8301	3547
8302	10679
8303	4104
8304	1274
8308	1567
8309	8311
8311	3586
8312	6615
8314	8317
8317	10454
8320	2145
8321	3520
8324	9137
8326	718
8328	5094
8329	10062
8330	483
8340	2155
8344	1134
8345	4976
8352	6230
8353	6597
8356	9310
8358	8383
8359	5241
8365	12004
8366	1188
8369	8640
8371	6180
8373	2144
8374	5188
8375	6041
8376	11520
8378	10318
8380	11995
8381	6799
8382	9015
8383	8790
8385	8383
8393	11214
8395	1
8396	10460
8398	10057
8399	1469
8402	1324
8406	3955
8410	7091
8412	8642
8414	2193
8417	11551
8418	8924
8419	10062
8423	12084
8425	6456
8426	4086
8427	5244
8432	4078
8434	10220
8437	4378
8439	2412
8454	6974
8457	6637
8459	2854
8460	2307
8464	10063
8466	7638
8467	10294
8468	2168
8469	2531
8471	10319
8473	11382
8476	8773
8479	6597
8481	10517
8484	5677
8488	11971
8489	5957
8494	590
8495	4114
8496	10241
8497	1389
8498	9626
8499	8512
8500	5284
8507	6637
8508	12099
8510	7763
8511	8773
8513	4745
8516	7625
8519	5165
8521	3920
8522	7765
8523	8265
8525	2510
8526	3545
8529	8761
8536	10221
8538	8835
8542	885
8543	5292
8545	11382
8547	8594
8548	2655
8551	4242
8552	10639
8554	1469
8556	9770
8561	8528
8561	9117
8562	3835
8567	2335
8568	8912
8569	1640
8571	4598
8575	10819
8582	108
8586	9489
8587	10829
8589	4038
8590	3628
8591	4129
8592	8926
8593	9109
8594	437
8595	3903
8596	8317
8599	10248
8600	4857
8603	11234
8604	3148
8606	9992
8607	6142
8610	9532
8616	1008
8618	8239
8621	3676
8622	7244
8626	10220
8628	1657
8629	5244
8633	8205
8637	5440
8638	8640
8639	7543
8640	4271
8641	8687
8642	2002
8644	648
8649	845
8650	10181
8652	8383
8653	10460
8655	5238
8656	305
8658	3077
8659	5134
8661	5343
8663	8672
8667	7670
8669	6792
8670	6469
8673	3920
8675	5071
8678	655
8679	1279
8681	6938
8683	3144
8685	5751
8686	7398
8687	7677
8691	3749
8695	6009
8696	7237
8697	4269
8708	9865
8710	9313
8713	8311
8714	2605
8715	8393
8727	6584
8729	9974
8735	9532
8737	8819
8738	5889
8739	564
8744	2625
8745	7638
8747	5224
8748	2275
8749	2287
8750	2740
8751	681
8756	4857
8758	1442
8760	9313
8761	803
8762	512
8763	11317
8766	4231
8768	6440
8770	2419
8772	8454
8773	11525
8776	263
8784	3447
8786	2018
8787	3112
8789	5787
8791	593
8797	8799
8799	11387
8803	12052
8805	7639
8806	5087
8812	9321
8813	11991
8815	7090
8819	11651
8821	359
8823	8784
8825	8824
8826	9844
8827	5915
8831	2148
8835	8830
8850	2163
8851	4877
8853	6699
8854	3779
8859	6307
8860	6268
8861	7254
8864	10363
8868	8866
8869	1407
8871	5071
8872	2075
8874	66
8876	10896
8881	1348
8886	1348
8889	574
8892	5238
8896	7873
8900	1692
8904	96
8906	10261
8909	2021
8912	2690
8915	12099
8916	10946
8918	6827
8919	9240
8924	9337
8925	1567
8927	6584
8928	655
8929	8273
8932	9076
8934	2101
8935	7257
8939	11031
8942	1545
8943	4323
8946	2075
8953	2052
8957	730
8959	4586
8960	11200
8962	7390
8968	3738
8970	11520
8971	8981
8980	1726
8982	8437
8983	9196
8984	5224
8985	8784
8986	3920
8987	5238
8988	5874
8989	3207
8991	8990
8995	5614
8999	10192
9003	6710
9008	1304
9009	11719
9013	4394
9014	11574
9015	2930
9020	8079
9021	8085
9024	11971
9026	10384
9028	7556
9030	3357
9031	11834
9032	4114
9035	5292
9036	9994
9039	3265
9041	10465
9042	11837
9043	1058
9045	8135
9050	2748
9052	10363
9053	4129
9055	11084
9057	7336
9058	9310
9066	2748
9070	11123
9071	6862
9073	8528
9073	9117
9076	11942
9077	8552
9079	8687
9084	10819
9085	1721
9086	2998
9087	2625
9088	8121
9089	5874
9091	1279
9094	9086
9097	10241
9100	8786
9101	4378
9102	6440
9103	10363
9105	1640
9107	10623
9108	51
9109	999
9111	6178
9112	5509
9114	8602
9117	7353
9119	66
9120	5263
9122	11139
9124	4671
9128	1398
9130	302
9134	6789
9137	1930
9138	4921
9139	5241
9147	6974
9148	873
9153	11839
9154	5104
9155	6130
9156	8761
9157	2101
9162	9212
9164	2615
9166	11652
9167	210
9168	8281
9171	1182
9174	11422
9175	11797
9176	11614
9179	10678
9181	7257
9183	11782
9185	3535
9186	2075
9192	3148
9193	3630
9194	2751
9195	10824
9200	8317
9201	9778
9204	4198
9207	4460
9208	5281
9212	9913
9216	5910
9217	11851
9218	9532
9219	5094
9221	2083
9224	5864
9225	512
9228	10524
9236	4918
9238	7094
9239	7639
9240	434
9241	10181
9243	9109
9248	10781
9251	10946
9252	1659
9253	10623
9255	4598
9256	8642
9258	3280
9263	4740
9264	5999
9269	5261
9275	7477
9276	4728
9279	4806
9283	4921
9285	11942
9286	9916
9289	11732
9290	1084
9291	7757
9298	5957
9299	10623
9302	11005
9307	8281
9310	338
9312	8375
9313	7491
9315	7993
9321	1230
9324	2574
9327	3201
9330	9313
9333	9012
9337	5948
9339	7512
9341	4168
9342	503
9350	5271
9352	11300
9355	6206
9357	2355
9360	66
9362	4552
9363	10869
9365	9363
9366	9926
9369	2251
9373	964
9375	990
9377	9381
9379	10727
9381	8802
9386	10462
9388	7303
9389	4129
9390	3563
9394	5025
9397	11031
9399	2369
9405	6469
9407	6469
9408	10983
9410	8079
9414	8691
9418	4586
9422	2636
9424	827
9427	11691
9428	7670
9430	5745
9431	356
9434	3521
9435	7113
9436	6974
9438	9632
9442	4166
9443	5440
9444	7961
9445	9586
9446	5440
9447	8454
9449	11200
9451	1832
9455	3628
9456	8163
9458	10192
9460	3466
9467	4438
9469	4022
9470	8079
9474	460
9475	7530
9477	5008
9478	9532
9481	4438
9485	5104
9486	10548
9489	10590
9490	1389
9492	1773
9494	5731
9495	6614
9501	2208
9502	2812
9503	1029
9511	6142
9520	2208
9524	10715
9527	28
9529	9478
9530	11851
9532	5425
9535	11580
9536	10946
9540	7247
9545	8799
9546	7603
9548	5957
9549	5875
9552	2102
9554	4104
9557	11810
9560	10781
9561	2193
9564	3858
9565	1999
9566	4460
9568	655
9571	1872
9573	11566
9575	1615
9582	3375
9584	2037
9585	10460
9586	10794
9594	2369
9596	8691
9597	9599
9599	10653
9600	2688
9601	3467
9604	5874
9607	10460
9609	7094
9610	1398
9614	4732
9615	7653
9618	1964
9619	6440
9620	1134
9621	8750
9624	5518
9628	2945
9632	7281
9646	11514
9649	8198
9653	11402
9654	3955
9655	7230
9656	5238
9657	6316
9659	11566
9660	11555
9661	5165
9664	1964
9667	5711
9668	2336
9669	3977
9670	3285
9671	10547
9672	5087
9678	3357
9679	3545
9680	5548
9681	8961
9682	9700
9683	6734
9687	2841
9689	11418
9694	1721
9695	9366
9696	12099
9700	2198
9703	2875
9709	2891
9710	7865
9711	4528
9717	7353
9720	3866
9724	8037
9725	8799
9727	4
9731	11834
9735	1356
9736	9735
9738	2002
9739	1304
9742	9974
9744	1184
9745	11382
9746	574
9747	1657
9754	4210
9756	9974
9758	1279
9759	3535
9763	10830
9764	10241
9767	12065
9770	575
9771	989
9773	9517
9775	9778
9780	8068
9781	5316
9782	2662
9784	3955
9793	2574
9798	389
9800	8029
9801	1769
9803	1
9810	8810
9811	7490
9813	9337
9818	2820
9820	8288
9822	9177
9822	2426
9824	10623
9826	655
9828	10841
9830	1401
9831	4489
9833	11834
9834	4114
9836	2886
9837	8594
9840	3955
9841	4094
9843	9635
9844	11208
9845	495
9852	1882
9854	4129
9855	6798
9860	11005
9865	7954
9867	6692
9868	1606
9869	6692
9873	5224
9877	4539
9878	3786
9884	10623
9886	9177
9886	2426
9887	3858
9888	9105
9889	2083
9890	11220
9894	5370
9897	4789
9898	5509
9899	6573
9900	8437
9901	8898
9903	3628
9905	11942
9911	4050
9916	8393
9923	9994
9930	11397
9932	8769
9935	8029
9936	8989
9937	10524
9938	8426
9939	11574
9941	4053
9942	8281
9944	7323
9945	9912
9947	2155
9951	6206
9957	4732
9961	12051
9964	4845
9966	1615
9971	11847
9972	5889
9974	5113
9975	7910
9978	9916
9982	624
9986	11072
9987	5621
9988	5763
9990	1304
9992	5977
9994	4353
9995	8552
9998	2851
10000	5711
10004	10220
10005	9489
10006	8311
10010	5094
10013	86
10017	10548
10018	3687
10020	2688
10021	4388
10023	374
10030	10022
10032	3738
10038	938
10039	5238
10042	9709
10049	10058
10051	8288
10055	314
10057	7595
10058	7313
10061	9769
10062	9663
10063	6536
10066	4667
10067	9381
10069	6658
10072	5624
10088	3563
10090	10453
10091	593
10100	9497
10102	9757
10103	7077
10106	7283
10108	7048
10111	1134
10112	8924
10113	7077
10115	798
10117	9964
10119	1599
10120	4857
10123	7010
10124	4702
10130	9313
10131	2065
10134	1279
10139	7398
10142	8029
10144	11748
10145	10435
10146	5224
10147	9478
10149	11216
10159	5505
10161	1649
10171	8926
10172	1134
10174	8383
10177	3104
10181	7208
10182	8150
10183	10181
10188	798
10192	5726
10193	10042
10197	7481
10198	11695
10199	5864
10200	7574
10202	10372
10204	10661
10206	7900
10207	7763
10213	1866
10215	5037
10219	10221
10220	3287
10221	8108
10222	10221
10223	6980
10226	6307
10227	1289
10228	6734
10230	96
10236	6130
10237	8286
10238	2163
10240	10241
10241	185
10243	5244
10245	8819
10246	7932
10247	9467
10247	3215
10248	8348
10249	9778
10250	963
10251	1634
10252	3525
10254	5621
10257	7377
10259	3841
10261	8535
10264	84
10266	5229
10267	2800
10268	3955
10272	10819
10273	8317
10276	671
10278	1231
10279	6389
10280	546
10281	8375
10284	5292
10287	5875
10290	2719
10291	8126
10294	9751
10296	7247
10297	8528
10297	9117
10301	9778
10302	2925
10308	8924
10310	11427
10312	356
10320	8687
10321	1407
10324	1229
10325	5880
10330	8424
10333	8773
10334	4489
10335	6348
10338	7900
10341	7454
10350	3866
10351	4094
10356	9381
10359	8835
10360	11402
10361	5824
10362	5889
10365	10384
10366	4050
10367	5285
10368	2745
10369	7477
10370	7237
10371	7611
10374	11174
10377	2620
10378	7096
10379	7077
10380	11382
10383	10016
10384	11971
10385	3285
10387	3419
10389	10388
10390	1640
10392	11745
10393	8085
10396	7247
10397	11410
10400	11272
10402	5875
10404	3201
10410	3148
10411	11604
10418	10960
10421	11995
10422	8198
10428	6066
10430	9763
10437	1229
10443	5025
10447	5188
10449	2239
10450	8691
10453	2812
10455	7872
10459	9778
10460	8814
10461	2751
10462	1244
10464	8585
10467	5624
10470	3265
10473	1640
10479	2075
10486	9489
10488	5711
10491	8691
10496	1974
10498	11160
10500	9362
10501	3467
10505	11554
10508	11942
10509	5124
10515	11659
10516	7481
10517	10518
10519	2136
10520	576
10521	11475
10522	4023
10524	8137
10526	1175
10528	1175
10530	6376
10531	2655
10532	4438
10537	6257
10538	4210
10540	11995
10541	11418
10542	4628
10543	2841
10544	11220
10547	2748
10548	11432
10549	8761
10550	10424
10551	4235
10552	5025
10555	3112
10561	9489
10564	7636
10565	9532
10566	3790
10570	2101
10572	5238
10573	9315
10575	8836
10576	3955
10577	11995
10578	10261
10580	4483
10581	782
10586	7398
10591	295
10596	6352
10597	302
10600	1549
10602	5126
10605	1188
10607	1216
10611	2161
10612	8288
10616	9240
10618	5165
10619	4437
10622	10623
10623	3773
10624	11580
10629	5292
10630	5241
10631	593
10633	5211
10636	593
10644	10896
10645	7653
10648	9337
10650	3676
10654	11139
10655	4718
10657	7670
10665	10387
10667	10819
10669	11847
10673	4004
10677	1400
10681	5068
10683	8029
10685	8935
10687	7278
10689	8761
10691	4129
10695	10602
10697	10659
10699	9363
10700	1348
10703	9532
10706	7961
10708	4797
10710	5188
10711	10781
10713	4197
10714	2945
10717	5143
10719	8126
10723	3757
10724	11962
10727	10489
10729	4242
10732	1964
10734	7900
10735	2190
10740	11652
10742	6109
10743	5238
10748	6180
10750	3858
10751	10516
10753	7654
10755	6572
10756	820
10757	10007
10758	1458
10759	3563
10760	10057
10761	11652
10762	2473
10766	9434
10767	1348
10768	3422
10777	9164
10778	9137
10781	4319
10782	7884
10784	11971
10787	4789
10789	8784
10791	568
10792	7698
10797	5097
10801	5165
10802	3841
10808	8866
10810	2416
10814	8528
10814	9117
10815	241
10816	10911
10817	4707
10818	4086
10819	4710
10821	6542
10824	9029
10827	7556
10828	7386
10831	2751
10835	6572
10838	8703
10842	5824
10846	798
10850	5
10853	1304
10858	5025
10859	4094
10860	5569
10863	1039
10864	7763
10865	4737
10866	8698
10872	7257
10873	6615
10874	6806
10875	1394
10877	11851
10879	2841
10881	1136
10882	7714
10883	10418
10884	9902
10888	6469
10890	7611
10896	2455
10897	2994
10898	1400
10899	5505
10901	1599
10905	10221
10908	1204
10909	7398
10911	3230
10912	10561
10914	2665
10917	5645
10923	8640
10930	12004
10933	2719
10935	8088
10937	9212
10939	1599
10940	1401
10941	8695
10942	5236
10943	4789
10944	8642
10945	9251
10946	11334
10947	941
10948	8806
10950	10517
10951	10980
10956	8970
10959	6365
10962	11601
10964	9664
10968	2751
10972	549
10977	4389
10979	9632
10981	2090
10983	2110
10985	11123
10986	4789
10988	5292
10989	5842
10990	11597
10992	1478
10994	5814
10995	5370
10999	356
11002	5880
11003	9901
11004	11005
11005	7738
11006	10498
11008	5281
11011	2208
11012	124
11014	5696
11017	6789
11022	2178
11025	5757
11027	11609
11030	957
11031	7731
11033	28
11037	11648
11038	9
11041	2517
11043	11272
11047	4861
11054	7863
11055	10062
11057	11995
11060	10727
11064	8552
11068	6048
11070	1606
11071	4418
11073	7278
11074	1529
11075	11995
11076	3163
11077	7077
11082	5880
11086	11551
11087	10102
11092	7872
11093	2841
11097	2665
11098	5094
11099	10303
11107	885
11111	7278
11118	8426
11120	7545
11123	4094
11125	7398
11131	11604
11133	714
11134	2531
11135	9015
11137	6887
11138	7614
11139	3144
11141	10363
11150	9047
11154	3757
11155	1404
11156	798
11157	11403
11158	2052
11162	11165
11165	6673
11166	12004
11170	7470
11171	3396
11172	10030
11173	8777
11176	10062
11182	1529
11183	8068
11184	5677
11185	9328
11187	725
11189	4586
11190	5370
11191	1602
11192	8640
11195	4098
11197	11031
11199	7654
11200	194
11201	3626
11203	5751
11206	8454
11208	7683
11210	549
11211	7456
11212	5411
11213	6584
11215	8960
11217	5624
11219	2620
11220	9891
11222	2605
11223	1599
11224	11312
11228	10824
11230	10561
11231	10221
11232	696
11238	2163
11239	1964
11240	8783
11243	1693
11246	10046
11247	3520
11249	5731
11252	9381
11254	6142
11256	5080
11257	11256
11258	1964
11261	4260
11262	26
11264	11263
11265	1890
11269	12030
11272	4477
11274	4337
11275	11038
11277	1234
11281	6307
11284	1389
11285	8435
11288	2913
11290	5364
11291	8703
11293	4242
11294	10946
11295	6268
11296	278
11299	4789
11303	8152
11306	6542
11308	8163
11310	2303
11312	11264
11313	6348
11314	7884
11315	7147
11317	5164
11318	5750
11319	7094
11329	7900
11331	10882
11333	2298
11335	12111
11336	7077
11339	7323
11343	7530
11344	5381
11347	8642
11348	1964
11349	2002
11357	11452
11360	7094
11363	4378
11365	3958
11367	1721
11371	2780
11373	5560
11376	11087
11380	10602
11381	4921
11382	9783
11385	7884
11395	7490
11399	1649
11405	1999
11407	10547
11409	5417
11412	9679
11413	8079
11414	846
11415	108
11416	9586
11417	9679
11418	10560
11422	11424
11423	11422
11426	2144
11427	8788
11429	9700
11431	2412
11433	6597
11435	749
11437	11601
11438	72
11443	3555
11446	5509
11452	9630
11459	4283
11460	11458
11461	4104
11464	3388
11468	4460
11470	7230
11475	9479
11479	11984
11480	10819
11482	5087
11483	4918
11485	389
11487	10405
11488	4438
11491	10062
11493	1866
11501	6102
11502	7487
11506	9434
11508	2629
11509	183
11511	9321
11513	4708
11514	2445
11519	8597
11520	8858
11523	7222
11530	1999
11532	3281
11535	3674
11538	8163
11539	9632
11545	7763
11546	356
11549	3148
11551	450
11554	3226
11555	2246
11556	66
11568	583
11571	2144
11572	2685
11573	6821
11574	7083
11580	11647
11583	10548
11587	8525
11591	6387
11592	2168
11595	2181
11597	8211
11598	11237
11601	10354
11604	1554
11606	6283
11608	7829
11610	5343
11611	5238
11617	9489
11618	2841
11619	6100
11622	9173
11626	1304
11627	10058
11628	7842
11629	10819
11630	3790
11631	7323
11635	8620
11636	10274
11640	11031
11644	8695
11646	10865
11648	6336
11649	512
11652	3301
11653	11652
11665	6896
11668	7398
11672	11834
11673	8490
11674	7386
11675	6763
11676	4210
11680	7336
11681	8912
11682	449
11683	8750
11684	1542
11686	1693
11689	8799
11692	8224
11694	10517
11698	4053
11703	8088
11708	873
11709	1188
11710	8588
11715	7457
11716	2155
11718	7455
11719	11032
11723	4790
11724	4325
11727	2058
11728	11038
11730	9357
11732	9182
11740	3634
11743	6572
11744	2854
11747	2685
11748	5994
11750	648
11755	8138
11758	5126
11759	655
11760	1324
11762	10425
11763	11087
11764	515
11765	8426
11769	7336
11772	3655
11775	6658
11776	108
11778	8641
11779	4041
11780	2102
11782	11732
11783	4732
11785	3628
11788	10901
11789	11580
11791	5241
11793	6257
11794	2812
11796	6566
11797	4773
11798	10623
11800	7740
11801	10839
11803	8524
11807	4489
11810	11748
11813	3148
11815	10181
11816	3626
11821	6307
11823	5829
11829	9768
11830	648
11831	515
11833	4337
11834	5634
11836	10285
11837	2963
11839	11031
11841	4789
11844	5025
11845	1039
11847	3695
11848	5241
11849	7230
11851	8065
11854	2913
11855	8286
11856	11851
11857	4831
11859	11834
11861	10824
11862	4449
11863	1304
11864	7556
11867	7094
11869	7254
11871	9173
11872	10453
11873	2155
11875	1858
11876	546
11878	8819
11879	7228
11881	5509
11883	2970
11890	11958
11895	6536
11896	3790
11897	11435
11898	9346
11901	1260
11903	4252
11906	368
11907	3574
11908	6044
11909	1134
11913	2102
11914	9366
11917	11402
11921	7543
11923	3525
11924	11601
11928	11987
11929	3955
11932	7865
11933	6389
11936	3676
11938	6789
11941	574
11942	5678
11943	4598
11945	2618
11946	2815
11947	9467
11947	3215
11951	356
11956	7456
11957	7254
11958	1866
11959	6977
11962	10799
11963	7386
11966	3201
11967	3464
11968	11967
11971	10364
11972	2576
11973	5188
11974	10008
11977	6570
11979	10826
11982	8806
11983	10303
11984	5900
11985	9460
11987	5376
11988	1260
11989	2654
11993	11995
11995	8174
11997	885
11999	5629
12001	6603
12011	10725
12013	5188
12014	4104
12015	4053
12016	2815
12017	11382
12021	4242
12022	7309
12023	8029
12024	4789
12025	16
12027	10462
12029	5956
12032	7465
12033	9778
12034	574
12036	10678
12037	6389
12039	7303
12041	10363
12045	1634
12046	5569
12048	9599
12049	6981
12051	7546
12053	7624
12058	6142
12060	8929
12062	2620
12063	2654
12064	6082
12065	9741
12066	6136
12068	3389
12070	1726
12072	1132
12074	2208
12076	11235
12077	1650
12078	1304
12079	3055
12082	1442
12083	4831
12084	3994
12085	9040
12087	6692
12088	9901
12090	3676
12091	3280
12094	9670
12095	6100
12098	3839
12099	10478
12100	5285
12102	2459
12103	1100
12104	2751
12106	8320
12111	3436
