8	1832
8	10086
10	4429
10	10435
12	302
17	1268
17	1390
18	2505
18	1676
20	7765
20	6969
21	8773
24	6789
27	4479
27	3416
28	810
28	8400
35	6939
35	4167
41	3692
41	11058
43	3970
43	2442
47	335
47	8184
48	6372
48	10436
50	2550
50	6406
51	4319
51	2310
53	10181
54	5263
54	10454
58	10030
60	11115
60	803
61	2471
61	2198
62	6343
62	2459
64	10270
64	5164
65	957
65	3876
67	8311
70	10659
70	9063
71	10623
74	6102
76	6469
77	413
77	9705
78	5633
78	4215
85	4560
85	793
89	1008
89	10721
94	8858
94	1231
95	12000
95	3419
98	11942
103	1549
103	6201
106	4429
106	10435
108	4418
108	5977
109	6180
110	438
110	10649
112	10507
112	2626
115	8809
115	7829
116	7150
116	450
117	1872
120	8059
120	10465
123	2820
123	10996
125	7682
125	6577
129	11300
129	2679
137	9891
137	12030
138	8719
138	6283
141	885
142	1826
142	8409
143	5696
146	3418
146	6766
155	9926
155	2636
158	1522
158	4078
164	6637
165	5740
165	3831
167	8152
168	7599
168	7234
169	7491
169	40
175	9381
177	9315
181	885
182	11748
187	5113
187	10080
188	11432
188	4252
195	1999
197	1175
201	2065
201	2988
210	4755
210	5690
212	3655
215	6265
215	8938
218	11937
218	4449
220	5263
220	10454
222	11476
222	5562
223	8339
223	5772
227	5277
227	9471
229	696
229	194
232	1279
233	10386
233	1965
234	887
234	8137
235	10661
235	8804
240	10518
240	10514
243	11851
245	6389
246	5411
246	637
248	2550
248	6406
249	6441
249	6276
250	8719
250	6283
257	2348
257	11477
259	6597
262	1832
262	10086
264	1826
264	8409
265	4389
267	11200
270	10716
270	880
271	5646
272	7749
272	7957
274	1539
276	3281
276	6887
283	2748
288	8163
290	2112
290	11040
296	4242
299	2018
299	8765
301	6692
306	10715
306	238
312	2754
315	86
316	5236
316	8990
320	11191
321	5560
321	7942
325	7077
329	10911
331	3692
331	11058
332	11354
332	10841
334	9613
334	6325
336	9315
339	7611
340	9404
340	5757
342	10679
342	6145
344	4845
347	7749
347	7957
348	5165
349	10289
349	11244
351	7792
351	11900
353	6365
353	11393
354	1340
354	3178
361	11124
361	5515
365	1971
365	11920
366	11396
366	206
373	9090
373	2888
375	845
376	11984
377	6440
380	102
380	10839
382	4483
382	8019
383	2998
383	7658
385	2226
385	10155
386	7087
386	4884
392	10354
392	5790
393	9296
405	7003
405	9092
407	2891
407	2576
408	1702
408	8836
409	11937
409	4449
410	11165
412	10494
412	787
415	11512
415	9300
416	8742
416	7326
418	3112
419	5261
419	8615
420	2161
420	7359
421	3077
421	6812
423	8386
423	8817
424	5889
428	1819
429	5320
429	8442
430	10518
430	10514
435	5889
436	8835
440	964
441	2112
441	11040
445	5284
447	5211
447	1751
452	7150
452	450
453	7545
454	2991
454	11713
455	1526
458	11834
464	7090
464	11163
466	11396
466	206
468	9287
468	4751
472	6102
473	8954
473	1100
474	11967
475	11809
475	7089
476	7863
476	4552
481	5798
481	5894
482	11987
486	3421
488	8161
488	7757
489	670
490	4831
496	7346
496	3466
500	10679
500	6145
502	5558
502	7313
505	3389
505	8260
516	9635
516	10794
521	4586
524	10781
532	2815
533	5236
533	8990
535	2161
535	7359
536	8640
538	10220
540	10192
541	5320
541	8442
544	11667
544	3046
547	5224
550	10289
550	11244
552	10294
553	3418
553	6766
557	11283
557	9047
558	8281
560	7400
560	9487
566	8814
566	11235
573	4565
573	4192
581	5956
581	1514
582	9158
582	7208
584	10274
584	5349
585	5755
585	4084
588	11745
588	7023
591	3060
591	11970
601	6365
601	11393
604	6456
604	1443
609	4636
613	7087
613	4884
614	4197
614	6672
615	5889
616	2161
616	7359
617	11403
617	7870
619	5244
620	6148
620	681
624	2715
624	8790
626	1826
626	8409
628	5875
631	1253
631	4353
639	5320
639	8442
640	5509
642	564
644	6359
644	6798
645	1702
645	8836
647	1640
653	133
653	132
657	9909
657	8736
667	10181
668	3112
669	2130
669	12081
671	185
671	6387
675	1188
677	10911
679	6347
679	11108
685	686
691	2715
691	8790
697	2468
697	1935
700	4231
700	9081
702	368
702	3401
704	10439
704	6961
705	7855
705	6341
709	1599
710	1748
710	941
719	9158
719	7208
720	1132
720	1686
724	10494
724	787
726	2279
726	11458
727	6827
727	4271
729	3773
729	8265
731	5188
733	8393
738	7614
738	9479
739	4091
739	846
740	1253
740	4353
741	11237
741	4773
742	3265
748	4129
754	999
754	135
755	9769
755	6912
756	2415
756	9958
761	8174
761	568
772	7911
775	7624
779	8769
779	9006
782	4560
782	793
784	2348
784	11477
788	11525
788	9322
789	6722
789	8775
791	6309
791	5658
794	5872
794	725
796	11548
796	11691
807	9909
807	8736
814	4797
816	8320
817	5900
817	4247
819	950
819	5749
823	4438
824	9692
824	2050
826	6190
826	3541
828	5678
828	9626
831	8059
831	10465
835	11834
836	10924
836	7368
837	7910
838	8695
839	4023
839	4780
844	7563
844	9783
847	10679
847	6145
848	2735
848	3432
850	5872
850	725
855	2998
855	7658
856	11940
856	11725
857	10221
858	4389
861	1866
864	5936
864	11930
865	5780
865	4381
867	576
872	3104
878	11809
878	7089
881	10002
881	6601
883	7910
886	655
888	2181
888	3374
890	5395
890	2359
892	549
896	11667
896	3046
897	11525
897	9322
898	8317
900	4789
902	10975
902	9301
903	3210
903	8347
909	10725
909	7813
912	3773
912	8265
913	10270
913	5164
914	11609
914	10799
928	5263
928	10454
933	6000
933	7595
934	8224
934	6163
936	3977
936	2373
937	9891
937	12030
940	6749
940	147
948	10679
948	6145
949	5214
949	11651
951	11512
951	9300
956	2002
960	8193
960	4889
966	635
966	1204
967	2369
968	2841
969	1832
969	10086
972	6862
975	11432
975	4252
981	1620
981	11214
982	2625
985	10715
985	238
987	5624
994	8698
994	8273
995	11659
995	1878
1006	9460
1014	6347
1014	11108
1015	6365
1015	11393
1016	2181
1016	3374
1021	546
1022	6102
1028	5798
1028	5894
1031	5244
1032	6566
1032	10409
1034	9106
1034	2186
1036	8926
1039	9272
1039	13
1041	4976
1041	1200
1042	4976
1042	1200
1043	11547
1043	6009
1048	7281
1048	3218
1050	648
1052	3655
1053	583
1053	6197
1056	7855
1056	6341
1058	8788
1058	5335
1059	1933
1059	1404
1061	8339
1061	5772
1063	3525
1066	6347
1066	11108
1069	6421
1069	9358
1071	6171
1071	7300
1077	2471
1077	2198
1080	8853
1081	7792
1081	11900
1083	564
1088	3958
1088	7714
1089	9412
1089	8558
1090	2267
1090	4771
1091	1702
1091	8836
1094	1773
1094	4229
1096	4438
1107	3418
1107	6766
1108	2279
1108	11458
1109	7855
1109	6341
1110	12065
1113	7025
1113	11387
1116	2239
1116	9211
1120	5683
1120	4710
1125	4845
1126	4239
1126	938
1129	11200
1131	84
1131	10157
1133	2605
1141	5887
1141	2684
1149	7556
1154	1229
1160	1826
1160	8409
1161	11551
1164	8059
1164	10465
1174	4242
1180	8320
1185	7142
1193	9976
1193	8448
1199	2251
1202	1167
1202	8885
1207	266
1207	2774
1209	4038
1209	4535
1211	3519
1211	3882
1212	10855
1212	5428
1213	655
1214	7456
1215	10424
1215	2702
1218	4231
1218	9081
1222	11729
1222	9376
1223	2018
1223	8765
1225	3060
1225	11970
1226	9296
1228	9977
1228	5376
1232	10584
1232	4758
1237	10855
1237	5428
1245	1705
1245	9644
1248	3958
1248	7714
1250	7682
1250	6577
1254	10621
1254	11733
1257	4038
1257	4535
1264	10584
1264	4758
1265	2859
1265	10534
1266	11337
1266	359
1267	6692
1269	9974
1274	3318
1274	4283
1275	8059
1275	10465
1276	2075
1278	4429
1278	10435
1282	11512
1282	9300
1284	2587
1284	6350
1286	3146
1286	9497
1287	5222
1287	7096
1292	2112
1292	11040
1295	4096
1295	10176
1297	4479
1297	3416
1300	9313
1301	6939
1301	4167
1302	5037
1302	7993
1303	7563
1303	9783
1308	8152
1312	2471
1312	2198
1314	10478
1314	11582
1321	3281
1321	6887
1322	1773
1322	4229
1325	11000
1325	3464
1327	4053
1329	10046
1329	9303
1330	7354
1330	4301
1331	8808
1331	4159
1336	2018
1336	8765
1339	4831
1344	7077
1346	7386
1347	3970
1347	2442
1350	11337
1350	359
1351	6808
1351	5910
1354	3220
1354	11623
1357	5084
1357	7659
1358	1811
1358	3225
1359	8786
1361	7792
1361	11900
1362	5872
1362	725
1364	2129
1364	980
1370	10407
1370	6405
1371	1811
1371	3225
1372	6441
1372	6276
1374	3280
1375	1268
1375	1390
1376	10882
1378	1414
1378	11620
1379	10623
1381	7336
1382	12111
1383	10715
1383	238
1384	11962
1388	1941
1388	11819
1392	576
1393	8535
1393	10295
1397	7749
1397	7957
1398	11084
1398	8512
1399	3633
1399	105
1407	1414
1407	11620
1412	3773
1412	8265
1413	973
1413	8348
1417	12000
1417	3419
1421	7390
1421	3940
1424	7792
1424	11900
1427	9732
1427	396
1428	10917
1434	9404
1434	5757
1439	4198
1441	5696
1442	4168
1442	10664
1446	10762
1449	11396
1449	206
1450	4438
1453	4460
1456	2002
1461	368
1461	3401
1464	10946
1465	2455
1465	5590
1468	8581
1468	7121
1469	495
1469	879
1479	10679
1479	6145
1482	2831
1483	5165
1484	10099
1484	9510
1485	7090
1485	11163
1488	4418
1488	5977
1489	9362
1495	4539
1495	7454
1506	302
1508	9404
1508	5757
1515	2241
1515	3586
1517	11300
1517	2679
1527	10604
1527	1448
1528	3692
1528	11058
1530	8493
1530	7012
1531	10184
1531	4641
1532	338
1532	3055
1534	338
1534	3055
1536	1132
1536	1686
1537	8174
1537	568
1550	8307
1550	7451
1553	7228
1553	8597
1555	1659
1557	1577
1557	5004
1558	10911
1560	6066
1561	12008
1561	8341
1563	8784
1564	5188
1565	1124
1565	7147
1570	8719
1570	6283
1575	10439
1575	6961
1576	1304
1580	9196
1580	3530
1583	6007
1583	5044
1584	2748
1585	2161
1585	7359
1587	6608
1587	1602
1589	9287
1589	4751
1590	7190
1590	3779
1593	10318
1593	10560
1594	4
1594	5305
1600	9989
1600	11500
1601	4545
1601	9537
1610	8386
1610	8817
1612	3389
1612	8260
1613	8742
1613	7326
1614	964
1615	2998
1615	7658
1621	2505
1621	1676
1627	7599
1627	7234
1630	7150
1630	450
1631	11580
1635	10316
1635	4144
1636	10386
1636	1965
1643	1599
1647	6745
1647	10628
1651	5199
1651	3388
1653	606
1653	3275
1666	1340
1666	3178
1670	8981
1670	9
1671	9366
1677	12000
1677	3419
1679	546
1681	7456
1683	10601
1683	7683
1690	11263
1690	10196
1697	10725
1697	7813
1698	5211
1698	1751
1714	10478
1714	11582
1716	5273
1716	7736
1717	5214
1717	11651
1722	1569
1722	1306
1723	5957
1730	10102
1734	8535
1734	10295
1735	6938
1737	11115
1737	803
1738	4621
1738	2410
1740	3525
1744	4560
1744	793
1746	5726
1746	7105
1757	7863
1757	4552
1758	1549
1758	6201
1759	10148
1759	9029
1761	1999
1764	11427
1765	4388
1765	4370
1766	278
1766	6041
1767	6171
1767	7300
1768	7900
1774	11984
1776	10498
1777	8602
1777	2510
1779	6077
1779	5750
1780	2930
1780	3335
1781	8065
1781	12055
1784	8784
1790	2471
1790	2198
1793	1522
1793	4078
1794	11547
1794	6009
1795	185
1795	6387
1796	7150
1796	450
1797	9909
1797	8736
1801	11396
1801	206
1805	7061
1806	11551
1807	8688
1807	4237
1808	1549
1808	6201
1809	3692
1809	11058
1810	11977
1813	10099
1813	9510
1815	185
1815	6387
1818	5629
1818	1492
1821	655
1822	5277
1822	9471
1823	9992
1827	6348
1828	3545
1830	9700
1837	5634
1837	8810
1840	11460
1843	7563
1843	9783
1846	509
1846	2777
1848	10099
1848	9510
1852	9769
1852	6912
1855	1348
1859	10372
1859	10949
1860	11300
1860	2679
1862	6597
1863	3112
1864	4539
1864	7454
1867	9732
1867	396
1870	11940
1870	11725
1874	4038
1874	4535
1875	2002
1881	885
1889	2239
1889	9211
1891	30
1891	853
1892	7900
1894	11659
1894	1878
1896	8691
1898	9692
1898	2050
1901	1115
1901	4435
1902	1620
1902	11214
1904	5696
1905	7872
1909	413
1909	9705
1912	8493
1912	7012
1916	1115
1916	4435
1919	11977
1920	4197
1920	6672
1924	9865
1925	8893
1925	518
1932	10679
1932	6145
1940	3841
1942	4496
1942	5080
1946	2052
1952	5104
1954	102
1954	10839
1956	11283
1956	9047
1959	9539
1959	11334
1962	4586
1966	3519
1966	3882
1970	10156
1970	7603
1972	7924
1972	4550
1974	5113
1974	10080
1976	9362
1977	1340
1977	3178
1979	564
1981	9272
1981	13
1983	5320
1983	8442
1985	5560
1985	7942
1989	5472
1990	10007
1990	11704
1993	438
1993	10649
1995	10135
1995	3755
1997	2587
1997	6350
1998	8493
1998	7012
2005	10241
2007	5199
2007	3388
2010	593
2011	1522
2011	4078
2016	4
2016	5305
2023	11165
2025	5633
2025	4215
2028	8783
2028	4702
2029	3210
2029	8347
2034	266
2034	2774
2035	3545
2038	7142
2039	3977
2039	2373
2042	10372
2042	10949
2045	4565
2045	4192
2047	4269
2054	1367
2054	9741
2055	575
2057	11827
2057	5829
2059	3032
2060	2415
2060	9958
2062	9404
2062	5757
2064	4539
2064	7454
2066	8174
2066	568
2067	2065
2067	2988
2068	10184
2068	4641
2070	4533
2070	3329
2072	696
2072	194
2076	86
2079	3220
2079	11623
2080	11580
2081	3120
2081	8920
2082	8802
2082	11892
2084	8394
2084	4792
2085	11475
2086	11471
2086	11142
2087	9700
2094	1124
2094	7147
2095	6439
2095	1437
2097	10316
2097	4144
2100	8306
2100	11647
2114	3077
2114	6812
2117	9382
2117	4826
2118	11977
2119	1142
2119	1309
2122	10518
2122	10514
2124	4091
2124	846
2134	11160
2134	10167
2139	1343
2140	4598
2141	1471
2141	2473
2142	9977
2142	5376
2147	9613
2147	6325
2149	3210
2149	8347
2151	8819
2154	10679
2154	6145
2157	9909
2157	8736
2162	5726
2162	7105
2169	5887
2169	2684
2170	6732
2170	10568
2171	635
2171	1204
2173	5872
2173	725
2175	3033
2175	11695
2184	9732
2184	396
2188	6265
2188	8938
2194	10604
2194	1448
2196	9196
2196	3530
2210	6637
2213	6789
2214	7749
2214	7957
2216	4728
2219	3626
2220	3418
2220	6766
2221	4496
2221	5080
2222	10007
2222	11704
2229	1705
2229	9644
2232	8150
2234	4429
2234	10435
2235	6348
2238	8493
2238	7012
2240	10045
2240	11101
2243	11283
2243	9047
2244	2471
2244	2198
2248	2735
2248	3432
2249	10386
2249	1965
2253	5629
2253	1492
2256	10002
2256	6601
2257	9287
2257	4751
2261	10156
2261	7603
2268	10022
2268	11473
2269	885
2274	7481
2277	3467
2283	6343
2283	2459
2286	5621
2287	6148
2287	681
2294	3281
2294	6887
2295	12065
2296	1367
2296	9741
2301	6254
2306	5606
2309	10517
2318	8354
2318	6316
2321	9517
2321	9406
2325	3025
2325	590
2326	509
2326	2777
2329	4091
2329	846
2331	6816
2331	2330
2340	4091
2340	846
2349	3633
2349	105
2350	7924
2350	4550
2351	6705
2351	7381
2353	2688
2354	10148
2354	9029
2357	7792
2357	11900
2358	3089
2358	7324
2361	9709
2363	6082
2363	11066
2364	3210
2364	8347
2365	5118
2365	8830
2366	7228
2366	8597
2376	4621
2376	2410
2377	11396
2377	206
2378	8306
2378	11647
2380	4797
2387	3280
2389	5068
2389	4260
2391	302
2392	8535
2392	10295
2394	4485
2394	8520
2395	9974
2397	8032
2397	9011
2399	5936
2399	11930
2409	5229
2409	6673
2416	6309
2416	5658
2417	4197
2417	6672
2420	8893
2420	518
2423	2217
2423	10960
2427	4701
2427	7387
2429	7117
2429	3226
2432	5560
2432	7942
2433	8493
2433	7012
2435	10518
2435	10514
2436	7061
2443	6336
2443	92
2444	10917
2447	606
2447	3275
2450	9709
2452	11625
2452	1386
2453	7222
2456	9926
2456	2636
2462	7281
2462	3218
2463	1549
2463	6201
2464	10480
2464	5518
2466	133
2466	132
2470	10661
2470	8804
2475	10679
2475	6145
2476	10149
2479	2129
2479	980
2483	10869
2483	7204
2486	1567
2489	9727
2490	5751
2492	11165
2496	7247
2499	11732
2503	7190
2503	3779
2508	509
2508	2777
2509	7556
2511	11834
2512	7083
2512	5564
2513	2577
2513	7628
2515	5683
2515	4710
2516	7434
2516	3521
2521	413
2521	9705
2525	9977
2525	5376
2526	5277
2526	9471
2527	9202
2527	1451
2530	8751
2533	7318
2533	10639
2534	8386
2534	8817
2536	5889
2539	10608
2539	3316
2543	6806
2544	8174
2544	568
2551	4428
2551	7902
2559	8788
2559	5335
2563	8059
2563	10465
2564	5678
2564	9626
2565	4880
2565	4187
2567	1748
2567	941
2570	5634
2570	8810
2571	185
2571	6387
2572	3421
2573	1615
2581	1057
2581	3450
2582	10124
2583	8306
2583	11647
2584	10007
2584	11704
2597	5872
2597	725
2599	7398
2601	4091
2601	846
2607	10975
2607	9301
2608	6789
2617	4239
2617	938
2619	1394
2623	603
2623	10609
2627	1748
2627	941
2628	10517
2634	5241
2635	4198
2637	10148
2637	9029
2639	7247
2640	8311
2641	2190
2648	5634
2648	8810
2655	7150
2655	450
2657	4857
2660	6469
2663	5634
2663	8810
2667	9891
2667	12030
2670	10425
2670	4477
2673	2241
2673	3586
2675	4418
2675	5977
2677	1142
2677	1309
2680	6584
2681	1367
2681	9741
2689	2688
2692	4004
2692	1886
2694	11032
2694	3978
2696	714
2696	8888
2703	413
2703	9705
2705	7954
2705	241
2707	7491
2707	40
2708	3692
2708	11058
2709	10241
2711	4023
2711	4780
2713	5509
2714	5889
2717	1167
2717	8885
2719	9751
2719	2618
2722	1142
2722	1309
2731	5560
2731	7942
2732	7476
2734	3788
2734	3000
2737	9989
2737	11500
2738	7003
2738	9092
2741	11659
2741	1878
2742	9700
2743	1692
2743	6436
2744	6615
2745	11403
2745	7870
2746	1304
2747	4485
2747	8520
2749	2267
2749	4771
2753	1544
2753	3127
2755	3033
2755	11695
2756	9692
2756	2050
2757	5824
2764	5755
2764	4084
2773	2735
2773	3432
2775	10221
2776	1577
2776	5004
2778	1188
2780	2859
2780	10534
2786	2369
2788	8691
2789	6705
2789	7381
2793	5936
2793	11930
2797	6608
2797	1602
2799	12000
2799	3419
2801	2625
2802	5229
2802	6673
2803	10585
2803	8030
2805	8769
2805	9006
2806	11084
2806	8512
2807	5263
2807	10454
2808	7763
2809	1348
2813	5222
2813	7096
2814	11977
2823	2996
2823	11216
2826	7336
2827	11460
2834	5229
2834	6673
2835	1549
2835	6201
2836	3749
2836	4708
2840	8640
2846	3163
2849	7431
2849	4085
2850	10727
2853	10062
2854	1471
2854	2473
2855	266
2855	2774
2861	7924
2861	4550
2863	4053
2867	8688
2867	4237
2869	3285
2873	1142
2873	1309
2881	10424
2881	2702
2882	11165
2883	670
2885	11410
2885	5761
2887	11191
2890	950
2890	5749
2893	5119
2896	7094
2899	8819
2900	7900
2901	8954
2901	1100
2903	10192
2905	3077
2905	6812
2906	12111
2909	10489
2909	7357
2912	11809
2912	7089
2916	6705
2916	7381
2919	5244
2926	3563
2927	7481
2928	9599
2933	9196
2933	3530
2934	8926
2943	4701
2943	7387
2946	3977
2946	2373
2951	8750
2953	7863
2953	4552
2959	2556
2959	1238
2962	4496
2962	5080
2968	2241
2968	3586
2970	11609
2970	10799
2972	10057
2973	3201
2975	9732
2975	396
2976	9382
2976	4826
2978	4388
2978	4370
2979	11160
2979	10167
2981	2129
2981	980
2982	2550
2982	6406
2984	11396
2984	206
2992	10548
2994	5118
2994	8830
2997	2925
3002	4930
3002	5271
3004	5633
3004	4215
3005	11300
3005	2679
3007	818
3007	7583
3009	2662
3015	5957
3018	3318
3018	4283
3019	6372
3019	10436
3021	5119
3022	10046
3022	9303
3035	4091
3035	846
3036	6799
3037	10386
3037	1965
3038	11501
3040	2715
3040	8790
3042	8174
3042	568
3043	5755
3043	4084
3045	11995
3047	335
3047	8184
3048	7530
3052	4231
3052	9081
3054	3421
3058	1175
3063	5668
3063	5390
3065	6441
3065	6276
3066	4023
3066	4780
3067	7077
3070	8784
3072	1554
3072	8424
3078	10148
3078	9029
3080	3655
3082	4038
3082	4535
3085	1615
3087	10156
3087	7603
3092	7353
3096	7491
3096	40
3097	3408
3097	10037
3100	1115
3100	4435
3102	5634
3102	8810
3109	3104
3111	9909
3111	8736
3114	5798
3114	5894
3117	10716
3117	880
3125	9313
3126	11609
3126	10799
3129	6171
3129	7300
3130	8174
3130	568
3134	7346
3134	3466
3136	8339
3136	5772
3140	7281
3140	3218
3142	10824
3152	10824
3154	1522
3154	4078
3155	1167
3155	8885
3162	5634
3162	8810
3166	4428
3166	7902
3167	30
3167	853
3168	1132
3168	1686
3169	4747
3169	1136
3171	11456
3171	8961
3172	9337
3175	7142
3182	11548
3182	11691
3187	7961
3188	6806
3191	3970
3191	2442
3195	6389
3196	11940
3196	11725
3197	1567
3200	1289
3200	4230
3204	1471
3204	2473
3205	5889
3206	5624
3209	7924
3209	4550
3221	5726
3221	7105
3227	8855
3227	5425
3228	7010
3228	7546
3231	4489
3232	1394
3234	6745
3234	10628
3239	3519
3239	3882
3248	5633
3248	4215
3250	1229
3256	5509
3257	2052
3258	6439
3258	1437
3261	6180
3272	3687
3272	9182
3273	660
3273	11021
3274	1858
3278	2315
3278	3230
3282	1356
3282	5815
3284	6171
3284	7300
3286	1343
3289	8151
3289	3948
3292	2574
3295	2241
3295	3586
3296	11809
3296	7089
3297	11745
3297	7023
3298	5165
3303	9977
3303	5376
3309	4489
3310	4701
3310	7387
3312	1702
3312	8836
3313	2089
3313	5671
3317	3220
3317	11623
3321	6566
3321	10409
3324	5900
3324	4247
3327	10181
3330	302
3331	818
3331	7583
3332	714
3332	8888
3333	7545
3336	3281
3336	6887
3338	7150
3338	450
3345	11032
3345	3978
3348	8224
3348	6163
3349	11237
3349	4773
3350	7025
3350	11387
3351	10376
3351	6837
3361	8769
3361	9006
3362	4038
3362	4535
3365	11748
3367	5994
3367	5979
3372	6136
3372	6573
3373	3326
3373	4806
3376	9977
3376	5376
3378	8535
3378	10295
3380	2586
3385	8802
3385	11892
3386	2815
3390	5621
3395	6584
3402	1775
3402	3863
3404	7224
3404	284
3405	3934
3405	7213
3412	5381
3420	5633
3420	4215
3425	8311
3428	7932
3429	11283
3429	9047
3430	9296
3434	4976
3434	1200
3435	1606
3437	2891
3437	2576
3439	8585
3439	5577
3442	7003
3442	9092
3443	11427
3448	2161
3448	7359
3454	7434
3454	3521
3455	7490
3457	9313
3459	6343
3459	2459
3465	5798
3465	5894
3468	9539
3468	11334
3471	5224
3472	7920
3472	497
3474	2586
3475	4565
3475	4192
3479	11382
3480	10220
3483	11719
3486	1394
3487	1343
3488	10715
3488	238
3490	8688
3490	4237
3492	2735
3492	3432
3498	7434
3498	3521
3504	4533
3504	3329
3505	8893
3505	518
3507	4707
3509	7431
3509	4085
3514	11729
3514	9376
3516	5277
3516	9471
3517	8085
3520	6082
3520	11066
3527	10975
3527	9301
3534	9692
3534	2050
3538	4389
3546	3408
3546	10037
3562	2996
3562	11216
3564	1522
3564	4078
3565	749
3565	10980
3566	10318
3566	10560
3567	10149
3573	8552
3575	6077
3575	5750
3576	10715
3576	238
3577	11837
3579	10248
3589	8769
3589	9006
3591	3392
3592	3580
3592	9345
3594	6347
3594	11108
3597	3104
3601	4038
3601	4535
3603	5872
3603	725
3605	1057
3605	3450
3607	10046
3607	9303
3610	10148
3610	9029
3614	11032
3614	3978
3615	5936
3615	11930
3616	4560
3616	793
3617	3146
3617	9497
3622	10621
3622	11733
3624	6082
3624	11066
3628	7003
3628	9092
3630	6939
3630	4167
3631	686
3632	6336
3632	92
3637	4094
3642	7491
3642	40
3645	5755
3645	4084
3646	11220
3647	10439
3647	6961
3649	8855
3649	5425
3661	8058
3661	6117
3665	11456
3665	8961
3666	1246
3666	4371
3669	6456
3669	1443
3670	3790
3671	660
3671	11021
3674	4880
3674	4187
3679	696
3679	194
3680	3060
3680	11970
3681	11637
3681	9306
3684	11424
3684	2838
3686	4930
3686	5271
3690	1640
3694	5798
3694	5894
3696	7346
3696	3466
3701	4797
3702	7434
3702	3521
3703	4168
3703	10664
3708	9865
3712	6365
3712	11393
3714	3634
3717	3421
3719	4845
3722	11797
3723	11809
3723	7089
3727	4429
3727	10435
3729	8809
3729	7829
3731	4319
3731	2310
3732	7205
3732	121
3736	7767
3736	5364
3737	3077
3737	6812
3740	4586
3741	2587
3741	6350
3745	1526
3750	2130
3750	12081
3753	7911
3757	2112
3757	11040
3760	4198
3761	2859
3761	10534
3763	1646
3766	3318
3766	4283
3767	10715
3767	238
3769	2335
3769	7251
3771	10002
3771	6601
3774	3773
3774	8265
3777	1167
3777	8885
3785	4407
3785	4790
3791	1748
3791	941
3793	1305
3793	5275
3794	10882
3795	1216
3796	4857
3798	5229
3798	6673
3800	603
3800	10609
3801	5699
3801	5905
3804	4197
3804	6672
3809	3220
3809	11623
3810	2930
3810	3335
3811	8761
3812	2812
3813	10099
3813	9510
3814	2735
3814	3432
3815	1246
3815	4371
3819	2130
3819	12081
3821	1115
3821	4435
3824	593
3828	5956
3828	1514
3829	7855
3829	6341
3832	10601
3832	7683
3834	4129
3835	5900
3835	4247
3837	6939
3837	4167
3842	3839
3844	1573
3844	9245
3845	7638
3849	603
3849	10609
3850	11940
3850	11725
3851	5936
3851	11930
3852	1702
3852	8836
3853	7749
3853	7957
3854	5118
3854	8830
3856	5872
3856	725
3862	1646
3865	3146
3865	9497
3868	5188
3869	3259
3869	4719
3872	1115
3872	4435
3875	8394
3875	4792
3878	11548
3878	11691
3886	3418
3886	6766
3888	11191
3889	3903
3897	6376
3899	1279
3901	2820
3901	10996
3902	8535
3902	10295
3904	3858
3906	4598
3908	9581
3908	8401
3909	8802
3909	11892
3910	7431
3910	4085
3911	3301
3911	11462
3913	9976
3913	8448
3918	9926
3918	2636
3919	6265
3919	8938
3921	7346
3921	3466
3922	11745
3922	7023
3923	11115
3923	803
3924	11382
3927	9086
3931	2740
3931	126
3932	2415
3932	9958
3941	2754
3942	3281
3942	6887
3944	9994
3947	11237
3947	4773
3952	3545
3953	5994
3953	5979
3956	9539
3956	11334
3957	10184
3957	4641
3959	4789
3960	6142
3961	4429
3961	10435
3964	3077
3964	6812
3966	6827
3966	4271
3967	2471
3967	2198
3971	6816
3971	2330
3973	2018
3973	8765
3980	9287
3980	4751
3981	86
3982	6348
3983	5229
3983	6673
3984	5126
3985	9118
3985	10412
3987	4797
3989	7487
3990	8375
3992	10148
3992	9029
3993	7390
3993	3940
3995	5780
3995	4381
4006	7487
4008	7961
4010	8281
4012	11940
4012	11725
4013	2740
4013	126
4015	5999
4015	7731
4016	102
4016	10839
4017	4094
4020	6749
4020	147
4024	6939
4024	4167
4025	1549
4025	6201
4026	11987
4029	10604
4029	1448
4030	2315
4030	3230
4036	7061
4037	8786
4040	5798
4040	5894
4041	4091
4041	846
4044	1253
4044	4353
4045	84
4045	10157
4049	5277
4049	9471
4052	9209
4052	9326
4055	7469
4055	10590
4057	4539
4057	7454
4060	4701
4060	7387
4063	9517
4063	9406
4069	1348
4072	10623
4077	3467
4082	4479
4082	3416
4088	10826
4088	10830
4093	2754
4097	5214
4097	11651
4098	2996
4098	11216
4105	6816
4105	2330
4110	1539
4111	1747
4111	8800
4112	3259
4112	4719
4116	102
4116	10839
4117	11115
4117	803
4119	5798
4119	5894
4122	10725
4122	7813
4123	11937
4123	4449
4127	9090
4127	2888
4131	278
4131	6041
4132	3280
4134	9287
4134	4751
4137	314
4138	11984
4139	8788
4139	5335
4140	818
4140	7583
4147	3146
4147	9497
4155	9891
4155	12030
4156	4797
4157	4621
4157	2410
4158	11977
4160	356
4161	988
4161	8898
4166	11311
4166	2355
4169	1811
4169	3225
4170	583
4170	6197
4174	8339
4174	5772
4175	7456
4179	6566
4179	10409
4181	7670
4184	7434
4184	3521
4185	9517
4185	9406
4190	8224
4190	6163
4191	9700
4193	6102
4194	5936
4194	11930
4199	1577
4199	5004
4205	7763
4206	5320
4206	8442
4208	10659
4208	9063
4211	8065
4211	12055
4213	9158
4213	7208
4217	3626
4221	5277
4221	9471
4224	7900
4233	9337
4234	4239
4234	938
4236	2161
4236	7359
4238	7010
4238	7546
4243	278
4243	6041
4246	10983
4248	575
4250	10518
4250	10514
4262	8493
4262	7012
4263	1640
4265	5381
4267	3773
4267	8265
4268	8152
4274	6722
4274	8775
4275	9296
4280	6722
4280	8775
4282	8065
4282	12055
4288	655
4293	4114
4303	11748
4305	5277
4305	9471
4306	9709
4307	11460
4310	87
4310	9663
4311	5755
4311	4084
4312	4004
4312	1886
4316	5678
4316	9626
4320	3318
4320	4283
4329	11942
4331	368
4331	3401
4333	9296
4336	4091
4336	846
4337	4388
4337	4370
4339	583
4339	6197
4340	6348
4342	3858
4346	12099
4348	845
4350	5668
4350	5390
4354	11937
4354	4449
4355	7491
4355	40
4356	7003
4356	9092
4360	6896
4360	6290
4363	3301
4363	11462
4366	2620
4367	4460
4368	10149
4377	11827
4377	5829
4382	9768
4382	10718
4390	5222
4390	7096
4393	5889
4398	413
4398	9705
4400	7624
4402	11110
4402	7091
4403	7522
4404	4647
4404	2298
4406	7530
4411	10083
4411	9040
4413	11809
4413	7089
4417	6102
4420	11264
4421	7749
4421	7957
4425	4197
4425	6672
4426	4429
4426	10435
4430	5956
4430	1514
4439	10007
4439	11704
4441	6100
4444	8773
4447	183
4447	2136
4448	5126
4451	8695
4452	11940
4452	11725
4453	6336
4453	92
4454	5621
4458	8205
4458	4737
4459	1008
4459	10721
4463	4168
4463	10664
4464	9313
4465	302
4471	10386
4471	1965
4473	10507
4473	2626
4481	5277
4481	9471
4482	5087
4488	4485
4488	8520
4490	9581
4490	8401
4491	6896
4491	6290
4493	3032
4494	696
4494	194
4497	11237
4497	4773
4500	6347
4500	11108
4501	7150
4501	450
4502	6440
4504	11084
4504	8512
4510	11396
4510	206
4511	10727
4513	4325
4514	9272
4514	13
4516	9287
4516	4751
4517	1368
4517	962
4519	4389
4521	2434
4521	3496
4531	1
4532	6745
4532	10628
4537	11940
4537	11725
4540	1964
4544	7863
4544	4552
4546	9404
4546	5757
4557	10062
4559	7400
4559	9487
4563	10679
4563	6145
4568	7247
4570	655
4572	5263
4572	10454
4574	4485
4574	8520
4576	10715
4576	238
4578	2348
4578	11477
4579	11667
4579	3046
4580	3418
4580	6766
4582	10725
4582	7813
4589	6359
4589	6798
4590	6939
4590	4167
4592	4880
4592	4187
4593	7434
4593	3521
4594	1522
4594	4078
4600	7961
4605	10386
4605	1965
4607	10725
4607	7813
4608	885
4615	2129
4615	980
4619	7459
4619	7113
4622	6566
4622	10409
4625	4102
4627	2190
4634	9539
4634	11334
4635	8375
4639	9381
4640	11797
4648	3104
4650	2241
4650	3586
4651	10507
4651	2626
4653	5699
4653	5905
4656	2018
4656	8765
4662	87
4662	9663
4664	1395
4664	1230
4666	5957
4672	9382
4672	4826
4673	1634
4674	8855
4674	5425
4675	3934
4675	7213
4678	8393
4679	10376
4679	6837
4684	11732
4689	4553
4690	10725
4690	7813
4691	10376
4691	6837
4694	8773
4698	1620
4698	11214
4705	11809
4705	7089
4706	4198
4711	7863
4711	4552
4713	8750
4714	4701
4714	7387
4715	2065
4715	2988
4722	4319
4722	2310
4723	8320
4724	4701
4724	7387
4725	7932
4726	7961
4727	5229
4727	6673
4731	4428
4731	7902
4732	11659
4732	1878
4734	10507
4734	2626
4739	10911
4741	10354
4741	5790
4744	2143
4748	7318
4748	10639
4754	356
4756	6102
4757	4533
4757	3329
4762	4755
4762	5690
4763	11609
4763	10799
4767	1634
4768	39
4768	3287
4772	549
4775	4198
4779	6939
4779	4167
4786	10983
4793	10826
4793	10830
4798	9768
4798	10718
4807	10008
4807	11588
4812	1748
4812	941
4813	5320
4813	8442
4814	4389
4815	8493
4815	7012
4818	1253
4818	4353
4819	11940
4819	11725
4820	7491
4820	40
4823	4586
4824	7434
4824	3521
4825	3436
4825	730
4827	9976
4827	8448
4829	2517
4829	5959
4840	2925
4841	8174
4841	568
4843	3146
4843	9497
4847	10407
4847	6405
4848	5864
4855	9382
4855	4826
4859	9917
4859	3207
4860	6190
4860	3541
4862	7738
4862	11884
4871	8602
4871	2510
4873	603
4873	10609
4881	1646
4882	10855
4882	5428
4883	6007
4883	5044
4888	549
4893	10083
4893	9040
4897	1819
4899	4539
4899	7454
4900	7067
4900	7470
4902	1573
4902	9245
4906	5624
4907	9206
4907	1542
4909	5118
4909	8830
4912	5560
4912	7942
4913	7563
4913	9783
4914	12099
4915	7346
4915	3466
4918	7599
4918	7234
4919	12008
4919	8341
4920	3958
4920	7714
4932	3841
4933	1315
4933	8211
4934	1253
4934	4353
4938	1826
4938	8409
4941	8108
4941	11072
4942	10604
4942	1448
4946	11601
4949	10007
4949	11704
4952	950
4952	5749
4953	5768
4953	4816
4954	4231
4954	9081
4957	11410
4957	5761
4958	7599
4958	7234
4959	1305
4959	5275
4960	10045
4960	11101
4962	6102
4963	7932
4964	5284
4971	1549
4971	6201
4973	11200
4975	11220
4977	9732
4977	396
4981	1569
4981	1306
4985	575
4987	9287
4987	4751
4989	1549
4989	6201
4990	2471
4990	2198
4994	5742
4994	7785
4995	5948
4995	11496
4996	10372
4996	10949
4997	973
4997	8348
4998	8742
4998	7326
5006	10274
5006	5349
5007	7318
5007	10639
5009	9976
5009	8448
5011	3032
5013	5284
5014	4388
5014	4370
5017	266
5017	2774
5018	10135
5018	3755
5020	3210
5020	8347
5023	8855
5023	5425
5024	10149
5027	1819
5029	2996
5029	11216
5039	1569
5039	1306
5043	1549
5043	6201
5046	11237
5046	4773
5051	87
5051	9663
5053	4686
5053	580
5055	39
5055	3287
5056	3841
5057	9296
5058	7434
5058	3521
5062	10882
5065	2112
5065	11040
5066	4269
5073	6938
5085	1124
5085	7147
5086	3788
5086	3000
5088	10679
5088	6145
5090	3148
5092	11851
5094	9989
5094	11500
5095	10387
5096	5411
5096	637
5107	10489
5107	7357
5109	6974
5116	3033
5116	11695
5122	10826
5122	10830
5123	7792
5123	11900
5125	7346
5125	3466
5127	4418
5127	5977
5128	8065
5128	12055
5136	5798
5136	5894
5138	5887
5138	2684
5141	11115
5141	803
5142	4407
5142	4790
5145	10181
5147	8926
5148	6389
5150	1304
5152	3511
5152	1655
5155	368
5155	3401
5162	10518
5162	10514
5163	11396
5163	206
5168	11354
5168	10841
5170	6439
5170	1437
5180	11115
5180	803
5181	10002
5181	6601
5184	11115
5184	803
5185	5320
5185	8442
5187	5824
5198	7599
5198	7234
5201	6818
5201	6249
5202	2155
5203	7611
5210	3511
5210	1655
5213	11942
5216	6614
5220	5241
5233	2924
5233	7698
5237	2002
5240	3955
5242	9206
5242	1542
5250	6722
5250	8775
5254	988
5254	8898
5255	6136
5255	6573
5256	6722
5256	8775
5257	10716
5257	880
5266	9768
5266	10718
5272	3120
5272	8920
5282	7872
5283	7530
5288	5284
5297	9917
5297	3207
5301	8535
5301	10295
5303	1549
5303	6201
5306	10524
5308	7512
5308	5529
5309	3695
5316	3210
5316	8347
5323	5550
5323	9913
5327	8032
5327	9011
5328	1941
5328	11819
5329	10062
5331	10002
5331	6601
5332	9296
5333	10420
5333	3786
5337	11237
5337	4773
5341	8317
5342	4429
5342	10435
5343	6343
5343	2459
5344	7490
5353	4485
5353	8520
5354	8394
5354	4792
5355	4857
5357	5788
5357	6829
5360	8750
5368	1620
5368	11214
5369	6359
5369	6798
5370	9106
5370	2186
5371	3210
5371	8347
5379	3447
5379	7310
5382	11580
5383	10725
5383	7813
5384	4647
5384	2298
5386	8581
5386	7121
5391	8065
5391	12055
5393	2315
5393	3230
5397	6566
5397	10409
5398	8151
5398	3948
5402	8085
5403	9989
5403	11500
5408	3687
5408	9182
5409	4621
5409	2410
5410	887
5410	8137
5412	9517
5412	9406
5413	11547
5413	6009
5416	635
5416	1204
5418	6827
5418	4271
5420	3120
5420	8920
5421	10156
5421	7603
5429	5889
5430	4231
5430	9081
5433	2161
5433	7359
5434	3077
5434	6812
5436	509
5436	2777
5437	10621
5437	11733
5438	5900
5438	4247
5443	10584
5443	4758
5448	2996
5448	11216
5450	10386
5450	1965
5452	11237
5452	4773
5454	5726
5454	7105
5457	5683
5457	4710
5458	11525
5458	9322
5462	4667
5463	7936
5463	6864
5465	2112
5465	11040
5468	2924
5468	7698
5470	10316
5470	4144
5474	887
5474	8137
5475	10882
5476	8769
5476	9006
5480	3977
5480	2373
5485	10007
5485	11704
5486	8814
5486	11235
5492	9287
5492	4751
5493	8281
5497	6827
5497	4271
5498	1142
5498	1309
5499	3418
5499	6766
5510	6896
5510	6290
5511	11827
5511	5829
5512	7087
5512	4884
5513	8224
5513	6163
5514	1832
5514	10086
5517	10507
5517	2626
5525	1057
5525	3450
5526	6896
5526	6290
5533	4388
5533	4370
5536	2217
5536	10960
5539	7431
5539	4085
5540	1401
5541	2193
5545	7346
5545	3466
5546	10983
5547	10489
5547	7357
5549	2102
5551	434
5561	2018
5561	8765
5565	5119
5569	4479
5569	3416
5574	3955
5575	2239
5575	9211
5579	7222
5580	9539
5580	11334
5581	10030
5583	11659
5583	1878
5584	8083
5584	974
5587	10083
5587	9040
5592	4545
5592	9537
5595	6658
5596	3692
5596	11058
5600	3773
5600	8265
5601	3738
5604	2991
5604	11713
5605	10045
5605	11101
5609	6808
5609	5910
5611	3389
5611	8260
5619	9296
5628	302
5630	7924
5630	4550
5631	8307
5631	7451
5632	7522
5640	2859
5640	10534
5641	302
5648	11435
5653	9106
5653	2186
5655	6265
5655	8938
5656	2065
5656	2988
5659	5948
5659	11496
5660	8205
5660	4737
5661	2181
5661	3374
5662	6352
5662	6570
5666	6007
5666	5044
5667	6347
5667	11108
5672	10518
5672	10514
5674	6896
5674	6290
5679	4239
5679	938
5681	3375
5681	3994
5682	7936
5682	6864
5684	3563
5685	7094
5686	6896
5686	6290
5687	10386
5687	1965
5691	3535
5692	6265
5692	8938
5693	603
5693	10609
5694	1414
5694	11620
5701	1394
5702	5994
5702	5979
5704	1577
5704	5004
5706	5709
5708	11410
5708	5761
5713	6100
5715	2181
5715	3374
5716	7318
5716	10639
5718	2998
5718	7658
5719	2052
5724	4168
5724	10664
5727	10882
5728	11637
5728	9306
5729	1115
5729	4435
5733	632
5734	10318
5734	10560
5743	4586
5744	3220
5744	11623
5746	4797
5747	3903
5758	11659
5758	1878
5766	9928
5766	9234
5769	11263
5769	10196
5776	9865
5777	2241
5777	3586
5781	2130
5781	12081
5782	2998
5782	7658
5785	4483
5785	8019
5791	8784
5792	1941
5792	11819
5797	2163
5802	3695
5806	5798
5806	5894
5811	7855
5811	6341
5812	8612
5812	718
5816	1395
5816	1230
5817	3025
5817	590
5819	4231
5819	9081
5821	1115
5821	4435
5822	3580
5822	9345
5827	5224
5830	7400
5830	9487
5834	4485
5834	8520
5837	3254
5840	8118
5840	8490
5842	9229
5842	11391
5847	6804
5847	5067
5848	1340
5848	3178
5849	3201
5850	6597
5852	8687
5853	7431
5853	4085
5862	9763
5863	3254
5877	11601
5878	7431
5878	4085
5879	5726
5879	7105
5895	6044
5907	5699
5907	5905
5908	7855
5908	6341
5914	5645
5914	3214
5924	1544
5924	3127
5927	3934
5927	7213
5929	3447
5929	7310
5931	8339
5931	5772
5932	4210
5935	10826
5935	10830
5937	999
5937	135
5939	6456
5939	1443
5940	2241
5940	3586
5942	9928
5942	9234
5943	5606
5949	5948
5949	11496
5952	10318
5952	10560
5954	2517
5954	5959
5958	5634
5958	8810
5961	9296
5963	3032
5964	8068
5965	7150
5965	450
5968	4976
5968	1200
5969	9709
5973	9382
5973	4826
5978	9412
5978	8558
5980	2315
5980	3230
5982	9751
5982	2618
5989	7205
5989	121
5993	6082
5993	11066
5995	6376
5998	11852
5998	8094
6002	10248
6004	39
6004	3287
6005	5222
6005	7096
6006	7563
6006	9783
6010	2241
6010	3586
6012	4553
6014	3418
6014	6766
6015	5087
6016	6749
6016	147
6020	4429
6020	10435
6021	6376
6023	1872
6024	7954
6024	241
6026	9412
6026	8558
6027	4560
6027	793
6028	4598
6029	4418
6029	5977
6033	1747
6033	8800
6034	7563
6034	9783
6036	10149
6037	3633
6037	105
6038	11525
6038	9322
6039	1747
6039	8800
6040	3839
6046	3112
6047	5440
6048	5668
6048	5390
6049	4053
6050	2369
6056	7765
6056	6969
6057	7924
6057	4550
6059	2052
6061	11263
6061	10196
6062	9989
6062	11500
6075	1315
6075	8211
6080	4004
6080	1886
6081	2859
6081	10534
6085	11124
6085	5515
6086	885
6087	3695
6088	335
6088	8184
6091	4438
6092	2662
6095	11501
6097	11942
6098	11425
6098	9630
6110	4880
6110	4187
6112	4129
6113	3389
6113	8260
6115	9106
6115	2186
6116	2348
6116	11477
6118	5320
6118	8442
6119	11659
6119	1878
6121	5118
6121	8830
6122	7061
6124	6365
6124	11393
6127	8499
6128	4845
6130	1775
6130	3863
6141	7228
6141	8597
6151	9692
6151	2050
6153	2181
6153	3374
6154	9357
6156	4418
6156	5977
6160	5900
6160	4247
6164	10076
6164	11174
6165	4418
6165	5977
6166	4429
6166	10435
6179	5440
6182	5320
6182	8442
6184	10294
6185	11382
6186	8788
6186	5335
6187	368
6187	3401
6194	4686
6194	580
6196	7061
6200	6566
6200	10409
6202	4479
6202	3416
6213	10826
6213	10830
6215	8499
6216	3633
6216	105
6219	6749
6219	147
6220	9362
6221	3511
6221	1655
6223	1246
6223	4371
6224	10274
6224	5349
6228	10584
6228	4758
6231	5948
6231	11496
6232	10420
6232	3786
6233	6722
6233	8775
6238	10715
6238	238
6239	5244
6240	6938
6245	5629
6245	1492
6246	3749
6246	4708
6247	7638
6250	6265
6250	8938
6258	6566
6258	10409
6261	6938
6262	8719
6262	6283
6263	11967
6264	4269
6266	5887
6266	2684
6279	11460
6284	7910
6286	9581
6286	8401
6287	8493
6287	7012
6296	7954
6296	241
6310	7670
6312	11637
6312	9306
6313	2335
6313	7251
6319	6265
6319	8938
6321	8307
6321	7451
6322	8386
6322	8817
6323	4168
6323	10664
6330	3408
6330	10037
6331	11110
6331	7091
6332	356
6335	11834
6338	2891
6338	2576
6339	11337
6339	359
6344	6343
6344	2459
6349	5084
6349	7659
6354	5236
6354	8990
6355	8698
6355	8273
6358	5411
6358	637
6360	3436
6360	730
6361	1289
6361	4230
6363	8108
6363	11072
6367	5236
6367	8990
6368	2129
6368	980
6371	10975
6371	9301
6373	4857
6378	2144
6379	9751
6379	2618
6380	5084
6380	7659
6381	10975
6381	9301
6384	4701
6384	7387
6385	1554
6385	8424
6388	8059
6388	10465
6393	6066
6396	7205
6396	121
6399	5261
6399	8615
6403	4437
6403	7209
6413	5263
6413	10454
6422	4242
6423	6100
6425	11532
6426	8719
6426	6283
6429	11827
6429	5829
6431	5755
6431	4084
6434	87
6434	9663
6437	1522
6437	4078
6442	10424
6442	2702
6446	3077
6446	6812
6447	8394
6447	4792
6448	2217
6448	10960
6452	11386
6452	6699
6453	11237
6453	4773
6455	2445
6459	2246
6459	11361
6460	7670
6461	1652
6462	2505
6462	1676
6463	1167
6463	8885
6470	9404
6470	5757
6472	6102
6480	1659
6485	11837
6486	5440
6487	1367
6487	9741
6492	4428
6492	7902
6494	6148
6494	681
6495	8855
6495	5425
6496	8786
6497	7469
6497	10590
6499	1268
6499	1390
6506	4104
6508	4755
6508	5690
6511	3326
6511	4806
6520	6347
6520	11108
6521	9901
6523	2144
6525	9763
6529	5558
6529	7313
6535	5241
6539	10124
6541	2605
6542	2963
6542	10052
6543	11208
6544	1057
6544	3450
6548	8640
6554	1705
6554	9644
6556	5509
6557	6566
6557	10409
6560	4096
6560	10176
6563	3210
6563	8347
6565	11031
6574	10653
6574	6980
6578	3033
6578	11695
6579	7318
6579	10639
6580	6309
6580	5658
6581	686
6582	9994
6588	12111
6589	9992
6591	2129
6591	980
6594	1340
6594	3178
6595	7556
6599	1289
6599	4230
6603	11637
6603	9306
6604	2550
6604	6406
6611	5755
6611	4084
6612	4429
6612	10435
6613	11283
6613	9047
6618	1
6623	4483
6623	8019
6625	7077
6629	9404
6629	5757
6630	4701
6630	7387
6631	10679
6631	6145
6632	10289
6632	11244
6634	3146
6634	9497
6636	11937
6636	4449
6639	5696
6640	2065
6640	2988
6642	4553
6643	964
6645	10407
6645	6405
6656	11837
6657	6309
6657	5658
6661	7738
6661	11884
6667	1573
6667	9245
6669	6692
6670	11084
6670	8512
6671	6939
6671	4167
6676	266
6676	2774
6680	11115
6680	803
6686	2315
6686	3230
6687	7924
6687	4550
6688	12111
6689	5999
6689	7731
6690	2468
6690	1935
6694	3692
6694	11058
6697	999
6697	135
6700	7491
6700	40
6701	7734
6711	6710
6712	4
6712	5305
6713	8224
6713	6163
6715	9229
6715	11391
6717	9977
6717	5376
6719	603
6719	10609
6721	10372
6721	10949
6727	3146
6727	9497
6731	413
6731	9705
6733	3201
6735	3254
6740	1175
6744	368
6744	3401
6748	9272
6748	13
6751	1620
6751	11214
6758	8150
6759	10679
6759	6145
6761	696
6761	194
6763	6833
6763	4412
6765	2161
6765	7359
6767	7920
6767	497
6769	8032
6769	9011
6770	11580
6771	5411
6771	637
6773	11476
6773	5562
6774	9599
6775	8954
6775	1100
6778	7061
6779	4102
6783	4591
6790	2505
6790	1676
6795	10386
6795	1965
6802	4539
6802	7454
6803	8926
6809	5936
6809	11930
6810	2065
6810	2988
6815	1522
6815	4078
6821	2468
6821	1935
6822	5558
6822	7313
6823	5263
6823	10454
6830	10337
6830	4869
6838	4789
6840	7476
6841	102
6841	10839
6842	6347
6842	11108
6845	5936
6845	11930
6847	4539
6847	7454
6849	2267
6849	4771
6852	1773
6852	4229
6855	5699
6855	5905
6856	4460
6859	2246
6859	11361
6861	8383
6866	9287
6866	4751
6868	11418
6871	11386
6871	6699
6873	5936
6873	11930
6876	7222
6877	3060
6877	11970
6879	102
6879	10839
6884	5222
6884	7096
6885	2129
6885	980
6892	11995
6893	9989
6893	11500
6894	2577
6894	7628
6895	10007
6895	11704
6900	7614
6900	9479
6904	2075
6908	2239
6908	9211
6910	7190
6910	3779
6914	4418
6914	5977
6915	7767
6915	5364
6916	10604
6916	1448
6917	8809
6917	7829
6920	133
6920	132
6926	4483
6926	8019
6928	5798
6928	5894
6930	7025
6930	11387
6934	11424
6934	2838
6935	7432
6936	3025
6936	590
6937	6939
6937	4167
6941	2129
6941	980
6943	7924
6943	4550
6947	7025
6947	11387
6952	4479
6952	3416
6960	10439
6960	6961
6962	5936
6962	11930
6966	6439
6966	1437
6972	6469
6973	2517
6973	5959
6976	6974
6978	3749
6978	4708
6982	9613
6982	6325
6985	10478
6985	11582
6990	8581
6990	7121
6995	7346
6995	3466
6996	4429
6996	10435
6999	6178
7001	335
7001	8184
7002	1539
7007	6180
7015	4038
7015	4535
7019	9632
7022	8981
7022	9
7024	8799
7028	1394
7029	4198
7030	4053
7033	3389
7033	8260
7034	2130
7034	12081
7035	3301
7035	11462
7038	2226
7038	10155
7039	3389
7039	8260
7040	9209
7040	9326
7043	648
7045	4797
7046	305
7048	4686
7048	580
7050	5118
7050	8830
7051	11940
7051	11725
7055	10318
7055	10560
7057	11311
7057	2355
7058	11719
7062	2615
7062	4032
7070	3687
7070	9182
7071	3301
7071	11462
7076	1268
7076	1390
7084	3375
7084	3994
7085	10002
7085	6601
7086	10480
7086	5518
7092	8354
7092	6316
7093	133
7093	132
7097	2217
7097	10960
7098	5199
7098	3388
7099	8108
7099	11072
7102	6981
7104	696
7104	194
7122	10148
7122	9029
7123	2246
7123	11361
7124	10386
7124	1965
7127	2021
7132	10030
7133	9632
7134	6136
7134	6573
7135	8855
7135	5425
7137	10386
7137	1965
7143	4104
7144	2161
7144	7359
7148	10826
7148	10830
7152	11977
7155	1826
7155	8409
7156	8535
7156	10295
7159	4598
7160	10261
7161	7954
7161	241
7170	8698
7170	8273
7172	335
7172	8184
7175	4476
7177	1268
7177	1390
7179	5948
7179	11496
7180	11729
7180	9376
7184	302
7192	4701
7192	7387
7194	6365
7194	11393
7195	10679
7195	6145
7210	4197
7210	6672
7211	11237
7211	4773
7212	1748
7212	941
7218	9632
7223	6888
7223	4061
7229	3958
7229	7714
7232	2190
7235	1289
7235	4230
7243	6806
7245	7067
7245	7470
7253	5411
7253	637
7254	4407
7254	4790
7255	7614
7255	9479
7259	6745
7259	10628
7260	4239
7260	938
7261	574
7262	7920
7262	497
7264	11000
7264	3464
7267	2891
7267	2576
7270	11851
7271	10008
7271	11588
7272	11525
7272	9322
7274	1811
7274	3225
7275	9106
7275	2186
7282	6309
7282	5658
7283	7682
7283	6577
7284	6888
7284	4061
7291	10865
7292	7346
7292	3466
7295	6818
7295	6249
7301	2102
7304	2800
7304	8143
7305	2102
7307	4560
7307	793
7308	12111
7316	11601
7317	9366
7321	8786
7322	8394
7322	4792
7329	11424
7329	2838
7331	7763
7335	4437
7335	7209
7337	5634
7337	8810
7340	356
7342	4210
7343	3210
7343	8347
7348	2841
7350	2267
7350	4771
7352	5320
7352	8442
7360	7556
7361	7910
7363	6309
7363	5658
7364	1544
7364	3127
7365	30
7365	853
7369	1008
7369	10721
7371	11501
7373	5165
7374	11354
7374	10841
7378	4539
7378	7454
7382	2574
7385	2193
7388	6896
7388	6290
7389	10727
7392	1367
7392	9741
7399	10030
7403	5124
7409	9517
7409	9406
7410	11797
7413	6637
7415	9460
7416	11547
7416	6009
7419	4096
7419	10176
7421	3580
7421	9345
7423	2335
7423	7251
7425	9989
7425	11500
7426	1930
7430	8585
7430	5577
7435	4319
7435	2310
7436	10248
7438	1606
7439	3977
7439	2373
7441	2130
7441	12081
7444	1305
7444	5275
7448	9928
7448	9234
7449	7561
7449	3570
7462	810
7462	8400
7464	660
7464	11021
7472	10424
7472	2702
7475	7386
7480	5768
7480	4816
7485	7481
7488	2812
7489	7491
7489	40
7493	2315
7493	3230
7494	5872
7494	725
7495	7749
7495	7957
7496	7792
7496	11900
7498	10386
7498	1965
7503	2161
7503	7359
7508	7434
7508	3521
7513	2112
7513	11040
7514	6100
7516	4496
7516	5080
7517	3281
7517	6887
7519	9976
7519	8448
7521	413
7521	9705
7527	5755
7527	4084
7529	10460
7532	6307
7533	2193
7535	10507
7535	2626
7538	4094
7539	6722
7539	8775
7540	6637
7541	6348
7542	4102
7543	102
7543	10839
7548	9196
7548	3530
7549	7010
7549	7546
7551	1775
7551	3863
7554	8809
7554	7829
7557	185
7557	6387
7560	10270
7560	5164
7562	10364
7562	10775
7566	3436
7566	730
7567	11971
7575	3958
7575	7714
7585	8784
7587	7003
7587	9092
7589	5755
7589	4084
7591	10869
7591	7204
7594	11940
7594	11725
7602	6597
7605	1246
7605	4371
7610	10611
7612	5956
7612	1514
7613	964
7618	9272
7618	13
7631	749
7631	10980
7633	3790
7636	5214
7636	11651
7637	6692
7645	4437
7645	7209
7646	635
7646	1204
7650	7346
7650	3466
7651	7431
7651	4085
7652	1620
7652	11214
7653	4621
7653	2410
7660	11220
7667	10518
7667	10514
7669	576
7671	10824
7672	7792
7672	11900
7673	10387
7675	3655
7676	1175
7679	2574
7684	3104
7687	4539
7687	7454
7691	1188
7693	3958
7693	7714
7694	1652
7695	5621
7696	5755
7696	4084
7697	4102
7710	6343
7710	2459
7712	2415
7712	9958
7713	5668
7713	5390
7715	11110
7715	7091
7716	3958
7716	7714
7718	9632
7724	6376
7727	1858
7735	1315
7735	8211
7737	5273
7737	7736
7741	10524
7742	9599
7743	3318
7743	4283
7745	4231
7745	9081
7753	10016
7753	9353
7755	8163
7756	2996
7756	11216
7761	11124
7761	5515
7766	11200
7771	1115
7771	4435
7774	9229
7774	11391
7778	583
7778	6197
7779	5229
7779	6673
7781	11719
7782	3146
7782	9497
7791	1522
7791	4078
7793	2145
7793	10764
7795	7230
7800	5381
7803	3511
7803	1655
7804	2735
7804	3432
7807	84
7807	10157
7808	11382
7812	4483
7812	8019
7814	3033
7814	11695
7815	5994
7815	5979
7818	2090
7820	6566
7820	10409
7822	10824
7823	12099
7824	2226
7824	10155
7825	5277
7825	9471
7826	7090
7826	11163
7828	8118
7828	8490
7830	5560
7830	7942
7832	8205
7832	4737
7838	3467
7839	11032
7839	3978
7845	4976
7845	1200
7846	4598
7849	11532
7854	7459
7854	7113
7856	10425
7856	4477
7857	11977
7858	4428
7858	7902
7859	8118
7859	8490
7861	7512
7861	5529
7862	437
7862	6610
7866	10604
7866	1448
7869	3408
7869	10037
7873	6896
7873	6290
7874	10099
7874	9510
7875	11637
7875	9306
7876	8198
7880	1567
7883	3841
7884	6000
7884	7595
7887	8835
7890	8065
7890	12055
7892	6082
7892	11066
7894	10439
7894	6961
7895	8742
7895	7326
7896	6597
7899	7142
7903	335
7903	8184
7904	3060
7904	11970
7907	5621
7912	7911
7916	9460
7922	1395
7922	1230
7923	3280
7925	11648
7927	1315
7927	8211
7930	368
7930	3401
7941	11942
7946	5273
7946	7736
7947	1253
7947	4353
7950	3408
7950	10037
7951	1702
7951	8836
7955	5957
7956	5887
7956	2684
7963	2505
7963	1676
7971	9460
7973	2891
7973	2576
7978	1305
7978	5275
7979	5726
7979	7105
7981	9581
7981	8401
7982	5277
7982	9471
7984	5788
7984	6829
7986	4378
7988	4129
7990	9209
7990	9326
7991	7734
7994	7469
7994	10590
7995	1646
7999	2002
8007	7281
8007	3218
8010	3839
8011	4831
8013	8151
8013	3948
8020	9158
8020	7208
8028	3970
8028	2442
8029	3146
8029	9497
8039	4857
8042	1692
8042	6436
8045	30
8045	853
8049	4591
8050	4
8050	5305
8051	10611
8052	1606
8053	7281
8053	3218
8054	9404
8054	5757
8057	6435
8061	11432
8061	4252
8062	5678
8062	9626
8070	11547
8070	6009
8071	8552
8073	7872
8080	3077
8080	6812
8084	9763
8086	1340
8086	3178
8087	5472
8089	11852
8089	8094
8095	11834
8096	7749
8096	7957
8099	1964
8100	9632
8101	5165
8103	655
8109	4086
8110	3220
8110	11623
8115	6148
8115	681
8116	10661
8116	8804
8117	5726
8117	7105
8119	1279
8120	7599
8120	7234
8122	7512
8122	5529
8125	10184
8125	4641
8126	9768
8126	10718
8127	5709
8128	9539
8128	11334
8138	4976
8138	1200
8139	4545
8139	9537
8142	8581
8142	7121
8148	3326
8148	4806
8149	6309
8149	5658
8154	9751
8154	2618
8158	6348
8168	11208
8169	1659
8170	9357
8172	603
8172	10609
8173	10220
8179	1522
8179	4078
8182	6536
8183	413
8183	9705
8185	3687
8185	9182
8186	6896
8186	6290
8189	4707
8191	2251
8192	4038
8192	4535
8195	5634
8195	8810
8196	2735
8196	3432
8202	5084
8202	7659
8204	3436
8204	730
8206	3421
8209	1229
8212	10917
8213	3421
8214	11984
8215	8205
8215	4737
8216	4242
8220	2662
8225	1268
8225	1390
8227	3301
8227	11462
8230	5119
8232	5273
8232	7736
8235	9158
8235	7208
8243	8802
8243	11892
8246	8846
8246	5786
8248	87
8248	9663
8252	10181
8257	10062
8259	3285
8261	574
8262	6372
8262	10436
8263	5936
8263	11930
8264	5509
8267	3955
8270	10653
8270	6980
8275	6359
8275	6798
8278	3839
8282	10946
8284	2587
8284	6350
8285	11476
8285	5562
8289	7390
8289	3940
8290	9287
8290	4751
8294	7911
8297	5646
8299	2075
8300	9517
8300	9406
8301	4460
8304	2831
8308	10604
8308	1448
8309	2241
8309	3586
8312	11659
8312	1878
8314	5263
8314	10454
8321	3626
8324	1930
8328	3280
8329	87
8329	9663
8330	6441
8330	6276
8340	10679
8340	6145
8344	9109
8346	10819
8352	11967
8353	3025
8353	590
8356	338
8356	3055
8358	2715
8358	8790
8359	9296
8365	9901
8366	6804
8366	5067
8369	6827
8369	4271
8371	1549
8371	6201
8373	5936
8373	11930
8374	7512
8374	5529
8376	8858
8376	1231
8380	8174
8380	568
8381	9206
8381	1542
8382	2930
8382	3335
8385	2715
8385	8790
8395	9805
8395	3602
8396	8814
8396	11235
8398	6000
8398	7595
8399	295
8402	1400
8406	9209
8406	9326
8412	2002
8414	4429
8414	10435
8417	7150
8417	450
8418	9337
8419	87
8419	9663
8423	3375
8423	3994
8426	5755
8426	4084
8427	9382
8427	4826
8434	39
8434	3287
8437	11827
8437	5829
8439	7522
8454	9287
8454	4751
8457	1115
8457	4435
8459	10762
8460	7390
8460	3940
8464	6536
8466	9229
8466	11391
8467	9751
8467	2618
8468	6732
8468	10568
8469	7323
8471	2251
8473	7563
8473	9783
8476	11525
8476	9322
8479	3025
8479	590
8481	10518
8481	10514
8484	2190
8488	10364
8488	10775
8489	1569
8489	1306
8495	2550
8495	6406
8496	185
8496	6387
8500	7599
8500	7234
8501	7077
8507	1115
8507	4435
8508	10478
8508	11582
8510	102
8510	10839
8511	11525
8511	9322
8513	4789
8516	11625
8516	1386
8519	6439
8519	1437
8521	6998
8526	8151
8526	3948
8529	11115
8529	803
8536	8108
8536	11072
8538	5118
8538	8830
8542	6749
8542	147
8543	9106
8543	2186
8545	7563
8545	9783
8547	437
8547	6610
8548	11551
8551	3220
8551	11623
8554	295
8556	575
8561	7353
8562	11984
8568	6089
8568	2690
8569	9613
8569	6325
8571	4560
8571	793
8575	5683
8575	4710
8582	9992
8586	7469
8586	10590
8587	1882
8590	6348
8591	10099
8591	9510
8593	999
8593	135
8595	6007
8595	5044
8596	5263
8596	10454
8599	973
8599	8348
8600	1811
8600	3225
8603	10030
8604	8493
8604	7012
8605	964
8606	4418
8606	5977
8607	4168
8607	10664
8610	8855
8610	5425
8618	9994
8621	4797
8622	1
8626	39
8626	3287
8628	11337
8628	359
8629	9382
8629	4826
8637	714
8637	8888
8638	6827
8638	4271
8639	7763
8641	7677
8641	11634
8642	3977
8642	2373
8644	7920
8644	497
8649	1748
8649	941
8650	9158
8650	7208
8652	2715
8652	8790
8653	8814
8653	11235
8655	10156
8655	7603
8656	6343
8656	2459
8659	1289
8659	4230
8661	305
8663	5381
8667	11637
8667	9306
8669	6178
8670	9404
8670	5757
8673	6998
8675	1999
8678	1747
8678	8800
8679	11512
8679	9300
8681	2129
8681	980
8683	10480
8683	5518
8685	1692
8685	6436
8686	2859
8686	10534
8696	10184
8696	4641
8697	1826
8697	8409
8708	7954
8708	241
8710	7491
8710	40
8713	2241
8713	3586
8714	2517
8714	5959
8715	1620
8715	11214
8727	4485
8727	8520
8729	5113
8729	10080
8735	8855
8735	5425
8737	5214
8737	11651
8738	10002
8738	6601
8739	11809
8739	7089
8744	1573
8744	9245
8745	9229
8745	11391
8747	5222
8747	7096
8748	8118
8748	8490
8749	8751
8756	1811
8756	3225
8758	6142
8760	7491
8760	40
8762	7088
8762	5623
8763	10270
8763	5164
8768	10424
8768	2702
8770	7476
8772	6974
8776	2348
8776	11477
8787	9909
8787	8736
8789	7490
8791	4701
8791	7387
8797	7025
8797	11387
8803	7094
8805	8552
8806	3788
8806	3000
8812	1395
8812	1230
8813	9632
8823	3447
8823	7310
8825	10261
8826	11208
8827	5224
8831	7090
8831	11163
8845	10516
8850	1268
8850	1390
8851	3634
8859	9517
8859	9406
8860	1773
8860	4229
8861	1175
8864	10824
8868	6637
8869	7872
8871	1999
8872	4023
8872	4780
8874	9362
8876	2455
8876	5590
8881	11940
8881	11725
8886	11940
8886	11725
8889	2415
8889	9958
8892	10156
8892	7603
8896	7386
8904	335
8904	8184
8906	8535
8906	10295
8909	7205
8909	121
8915	10478
8915	11582
8916	9539
8916	11334
8919	434
8924	5948
8924	11496
8925	10604
8925	1448
8927	4485
8927	8520
8928	1747
8928	8800
8930	11532
8932	11942
8934	8317
8935	6745
8935	10628
8939	5999
8939	7731
8942	10716
8942	880
8943	6561
8946	4023
8946	4780
8953	5633
8953	4215
8959	2735
8959	3432
8960	696
8960	194
8968	3077
8968	6812
8970	8858
8970	1231
8973	8926
8976	5864
8977	1539
8980	6265
8980	8938
8982	4378
8984	5222
8984	7096
8985	3447
8985	7310
8986	6998
8987	10156
8987	7603
8988	7561
8988	3570
8995	8612
8995	718
8999	5726
8999	7105
9003	6833
9003	4412
9008	1705
9008	9644
9009	11032
9009	3978
9013	2620
9014	7083
9014	5564
9020	1394
9021	9768
9021	10718
9024	10364
9024	10775
9026	11971
9028	8809
9028	7829
9030	8695
9031	5634
9031	8810
9032	2550
9032	6406
9035	9106
9035	2186
9036	1253
9036	4353
9039	6421
9039	9358
9042	2963
9042	10052
9043	11427
9045	4565
9045	4192
9050	6722
9050	8775
9052	10824
9053	10099
9053	9510
9057	5084
9057	7659
9058	338
9058	3055
9066	6722
9066	8775
9070	4094
9071	2587
9071	6350
9073	7353
9076	5678
9076	9626
9077	7318
9077	10639
9079	7677
9079	11634
9084	5683
9084	4710
9085	8784
9087	1573
9087	9245
9088	3392
9089	7561
9089	3570
9091	11512
9091	9300
9094	2998
9094	7658
9097	185
9097	6387
9100	2018
9100	8765
9101	11827
9101	5829
9102	10424
9102	2702
9103	10824
9105	9613
9105	6325
9107	3773
9107	8265
9108	10781
9111	1167
9111	8885
9112	8224
9112	6163
9115	5119
9117	7354
9117	4301
9119	9362
9122	3144
9124	1634
9128	8499
9130	1522
9130	4078
9131	9460
9134	266
9134	2774
9137	1933
9137	1404
9138	12008
9138	8341
9139	9296
9147	9287
9147	4751
9148	2924
9148	7698
9153	11031
9154	11110
9154	7091
9155	7222
9156	11115
9156	803
9157	8317
9162	5550
9162	9913
9166	3301
9166	11462
9167	4591
9168	5560
9168	7942
9171	8320
9174	11424
9174	2838
9175	11237
9175	4773
9176	2090
9179	7611
9181	6745
9181	10628
9183	11732
9185	6372
9185	10436
9186	4023
9186	4780
9192	8493
9192	7012
9193	3563
9194	1702
9194	8836
9195	10148
9195	9029
9200	5263
9200	10454
9201	2925
9204	5699
9204	5905
9207	5277
9207	9471
9208	4647
9208	2298
9217	8065
9217	12055
9218	8855
9218	5425
9219	3280
9221	5395
9221	2359
9224	5629
9224	1492
9225	7088
9225	5623
9228	887
9228	8137
9236	5284
9238	3408
9238	10037
9239	8552
9240	3120
9240	8920
9241	9158
9241	7208
9243	999
9243	135
9248	4319
9248	2310
9251	9539
9251	11334
9252	3210
9252	8347
9253	3773
9253	8265
9255	4560
9255	793
9256	2002
9258	9989
9258	11500
9263	8750
9275	5768
9275	4816
9276	10608
9276	3316
9283	12008
9283	8341
9285	5678
9285	9626
9286	8393
9288	11574
9289	3687
9289	9182
9290	3104
9298	1569
9298	1306
9299	3773
9299	8265
9302	7738
9302	11884
9307	5560
9307	7942
9312	278
9312	6041
9324	2991
9324	11713
9327	7924
9327	4550
9330	7491
9330	40
9333	6440
9342	10494
9342	787
9355	8386
9355	8817
9360	9362
9365	10869
9365	7204
9369	10386
9369	1965
9373	3089
9373	7324
9374	11574
9375	5742
9375	7785
9377	8802
9377	11892
9379	10489
9379	7357
9386	9205
9386	1244
9388	4325
9389	10099
9389	9510
9390	6939
9390	4167
9394	4388
9394	4370
9397	5999
9397	7731
9399	7682
9399	6577
9405	9404
9405	5757
9407	9404
9407	5757
9408	958
9408	2110
9410	1394
9414	3749
9414	4708
9418	2735
9418	3432
9424	2434
9424	3496
9428	11637
9428	9306
9430	655
9431	1340
9431	3178
9436	9287
9436	4751
9438	7281
9438	3218
9440	1234
9442	9357
9443	714
9443	8888
9444	8742
9444	7326
9445	9635
9445	10794
9446	714
9446	8888
9447	6974
9449	696
9449	194
9455	6348
9456	9769
9456	6912
9458	5726
9458	7105
9467	635
9467	1204
9469	11852
9469	8094
9470	1394
9474	11851
9475	84
9475	10157
9477	10274
9477	5349
9478	8855
9478	5425
9481	635
9481	1204
9485	11110
9485	7091
9486	11432
9486	4252
9490	5624
9494	6044
9495	3148
9501	4636
9502	3511
9502	1655
9503	6789
9511	4168
9511	10664
9520	4636
9527	4667
9529	9532
9530	8065
9530	12055
9535	8306
9535	11647
9536	9539
9536	11334
9540	5788
9540	6829
9545	7025
9545	11387
9548	1569
9548	1306
9549	10045
9549	11101
9552	8339
9552	5772
9557	11748
9560	4319
9560	2310
9561	4429
9561	10435
9564	413
9564	9705
9565	7792
9565	11900
9566	5277
9566	9471
9568	1747
9568	8800
9571	4038
9571	4535
9573	8761
9575	9086
9584	3259
9584	4719
9585	8814
9585	11235
9594	7682
9594	6577
9596	3749
9596	4708
9597	10653
9597	6980
9600	9272
9600	13
9601	2468
9601	1935
9604	7561
9604	3570
9607	8814
9607	11235
9609	3408
9609	10037
9610	8499
9614	6615
9615	3525
9618	3389
9618	8260
9619	10424
9619	2702
9620	9109
9621	2740
9621	126
9627	6977
9628	10585
9628	8030
9646	2445
9649	1832
9649	10086
9653	3955
9654	9209
9654	9326
9655	2130
9655	12081
9656	10156
9656	7603
9659	8761
9660	2246
9660	11361
9661	6439
9661	1437
9664	3389
9664	8260
9667	4476
9668	9202
9668	1451
9670	8846
9670	5786
9671	2748
9672	3788
9672	3000
9678	8695
9679	8151
9679	3948
9680	11456
9680	8961
9682	2471
9682	2198
9683	10337
9683	4869
9687	2143
9689	10318
9689	10560
9694	8784
9695	9926
9695	2636
9696	10478
9696	11582
9703	10917
9710	8163
9711	6888
9711	4061
9717	7354
9717	4301
9720	3903
9724	7734
9725	7025
9725	11387
9731	5634
9731	8810
9736	1356
9736	5815
9738	3977
9738	2373
9739	1705
9739	9644
9742	5113
9742	10080
9744	7142
9745	7563
9745	9783
9746	2415
9746	9958
9747	11337
9747	359
9753	1216
9754	603
9754	10609
9756	5113
9756	10080
9758	11512
9758	9300
9759	6372
9759	10436
9764	185
9764	6387
9767	1367
9767	9741
9770	4545
9770	9537
9771	574
9775	2925
9780	30
9780	853
9781	1659
9782	4479
9782	3416
9784	9209
9784	9326
9793	2991
9793	11713
9798	5188
9800	314
9801	7900
9803	9805
9803	3602
9811	6365
9811	11393
9813	5948
9813	11496
9820	4104
9822	5814
9822	5913
9824	3773
9824	8265
9826	1747
9826	8800
9830	3633
9830	105
9831	3418
9831	6766
9833	5634
9833	8810
9834	2550
9834	6406
9836	10911
9837	437
9837	6610
9839	1539
9840	9209
9840	9326
9841	2335
9841	7251
9844	10601
9844	7683
9852	2239
9852	9211
9854	10099
9854	9510
9860	7738
9860	11884
9867	4428
9867	7902
9868	8719
9868	6283
9869	4428
9869	7902
9873	5222
9873	7096
9884	3773
9884	8265
9887	413
9887	9705
9888	1640
9889	5395
9889	2359
9890	9891
9890	12030
9894	5292
9897	3033
9897	11695
9898	8224
9898	6163
9900	4378
9903	6348
9905	5678
9905	9626
9911	7530
9916	1620
9916	11214
9923	1253
9923	4353
9930	11797
9935	314
9936	9917
9936	3207
9937	887
9937	8137
9938	4086
9939	7083
9939	5564
9941	10725
9941	7813
9942	5560
9942	7942
9944	5320
9944	8442
9945	11987
9947	10679
9947	6145
9951	8386
9951	8817
9957	6615
9961	7010
9961	7546
9964	950
9964	5749
9966	9086
9971	3695
9972	10002
9972	6601
9975	8688
9975	4237
9978	8393
9982	8383
9987	1132
9987	1686
9988	3738
9990	1705
9990	9644
9995	7318
9995	10639
9998	2577
9998	7628
10000	4476
10004	39
10004	3287
10005	7469
10005	10590
10006	2241
10006	3586
10010	3280
10013	6347
10013	11108
10017	11432
10017	4252
10020	9272
10020	13
10023	10076
10023	11174
10032	3077
10032	6812
10039	10156
10039	7603
10042	2891
10042	2576
10048	9700
10049	5558
10049	7313
10051	4104
10055	3146
10055	9497
10063	2267
10063	4771
10066	810
10066	8400
10067	8802
10067	11892
10069	6309
10069	5658
10072	583
10072	6197
10088	6939
10088	4167
10090	2812
10091	4701
10091	7387
10103	7431
10103	4085
10106	2369
10108	7061
10111	9109
10112	9337
10113	7431
10113	4085
10115	9828
10116	9381
10117	4845
10119	7855
10119	6341
10120	1811
10120	3225
10130	7491
10130	40
10134	11512
10134	9300
10139	2859
10139	10534
10142	314
10144	5994
10144	5979
10146	5222
10146	7096
10147	9532
10159	5875
10161	6572
10172	9109
10174	2715
10174	8790
10177	6190
10177	3541
10182	10420
10182	3786
10183	9158
10183	7208
10188	9828
10193	9709
10197	5261
10197	8615
10199	5629
10199	1492
10200	11410
10200	5761
10206	1544
10206	3127
10207	102
10207	10839
10213	9732
10213	396
10219	8108
10219	11072
10222	8108
10222	11072
10226	9517
10226	9406
10228	10337
10228	4869
10230	335
10230	8184
10236	7222
10237	4930
10237	5271
10238	1268
10238	1390
10240	185
10240	6387
10243	9382
10243	4826
10245	5214
10245	11651
10246	11396
10246	206
10247	4438
10249	2925
10250	2841
10251	4197
10251	6672
10252	4621
10252	2410
10254	1132
10254	1686
10257	8808
10257	4159
10259	9976
10259	8448
10268	9209
10268	9326
10272	5683
10272	4710
10273	5263
10273	10454
10276	10241
10279	11937
10279	4449
10280	3970
10280	2442
10281	278
10281	6041
10284	9106
10284	2186
10287	10045
10287	11101
10290	10294
10291	8085
10296	5788
10296	6829
10297	7353
10301	2925
10302	6359
10302	6798
10308	9337
10309	9700
10310	8788
10310	5335
10312	1340
10312	3178
10320	7677
10320	11634
10321	7872
10324	5872
10324	725
10325	7459
10325	7113
10333	11525
10333	9322
10334	3418
10334	6766
10335	7003
10335	9092
10338	1544
10338	3127
10350	3903
10351	2335
10351	7251
10356	8802
10356	11892
10359	5118
10359	8830
10360	3955
10361	3580
10361	9345
10362	10002
10362	6601
10365	11971
10366	7530
10367	8135
10368	7624
10369	5768
10369	4816
10370	10184
10370	4641
10371	9090
10371	2888
10377	10659
10377	9063
10379	7431
10379	4085
10380	7563
10380	9783
10384	10364
10384	10775
10385	8846
10385	5786
10389	5751
10390	9613
10390	6325
10393	9768
10393	10718
10396	5788
10396	6829
10400	10425
10400	4477
10402	10045
10402	11101
10404	7924
10404	4550
10410	8493
10410	7012
10411	1554
10411	8424
10421	8174
10421	568
10422	1832
10422	10086
10428	10584
10428	4758
10430	10826
10430	10830
10437	5872
10437	725
10443	4388
10443	4370
10447	7512
10447	5529
10450	3749
10450	4708
10453	3511
10453	1655
10455	1414
10455	11620
10459	2925
10461	1702
10461	8836
10467	583
10467	6197
10470	6421
10470	9358
10473	9613
10473	6325
10479	4023
10479	4780
10486	7469
10486	10590
10488	4476
10491	3749
10491	4708
10496	9974
10500	7863
10500	4552
10501	2468
10501	1935
10505	7117
10505	3226
10508	5678
10508	9626
10509	8581
10509	7121
10516	5261
10516	8615
10520	10007
10520	11704
10521	7614
10521	9479
10526	4407
10526	4790
10528	4407
10528	4790
10530	10975
10530	9301
10531	11551
10532	635
10532	1204
10537	6389
10538	603
10538	10609
10540	8174
10540	568
10541	10318
10541	10560
10542	1401
10543	2143
10544	9891
10544	12030
10547	6722
10547	8775
10549	11115
10549	803
10552	4388
10552	4370
10555	9909
10555	8736
10561	7469
10561	10590
10564	8819
10565	8855
10565	5425
10566	1305
10566	5275
10570	8317
10572	10156
10572	7603
10573	5037
10573	7993
10576	9209
10576	9326
10577	8174
10577	568
10578	8535
10578	10295
10581	4598
10586	2859
10586	10534
10591	495
10591	879
10597	1522
10597	4078
10602	10507
10602	2626
10605	6804
10605	5067
10607	5411
10607	637
10612	4104
10616	434
10618	6439
10618	1437
10622	3773
10622	8265
10624	8306
10624	11647
10629	9106
10629	2186
10630	9296
10631	4701
10631	7387
10636	4701
10636	7387
10644	2455
10644	5590
10645	3525
10648	5948
10648	11496
10650	4797
10654	3144
10655	7087
10655	4884
10657	11637
10657	9306
10665	12000
10665	3419
10667	5683
10667	4710
10669	3695
10677	1246
10677	4371
10683	314
10685	7257
10687	9755
10687	4062
10689	11115
10689	803
10691	10099
10691	9510
10695	5126
10699	10869
10699	7204
10700	11940
10700	11725
10703	8855
10703	5425
10706	8742
10706	7326
10708	2065
10708	2988
10710	7512
10710	5529
10711	4319
10711	2310
10714	10585
10714	8030
10717	5956
10717	1514
10719	8085
10723	5709
10724	11609
10724	10799
10729	3220
10729	11623
10732	3389
10732	8260
10734	1544
10734	3127
10735	8394
10735	4792
10740	3301
10740	11462
10742	7067
10742	7470
10743	10156
10743	7603
10748	1549
10748	6201
10750	413
10750	9705
10751	7481
10753	11283
10753	9047
10755	1941
10755	11819
10756	1142
10756	1309
10758	8853
10759	6939
10759	4167
10760	6000
10760	7595
10761	3301
10761	11462
10766	7434
10766	3521
10767	11940
10767	11725
10768	2556
10768	1238
10777	2615
10777	4032
10778	1930
10782	10057
10784	10364
10784	10775
10787	3033
10787	11695
10789	3447
10789	7310
10797	11435
10801	6439
10801	1437
10802	9976
10802	8448
10808	6637
10810	6658
10814	7353
10816	2315
10816	3230
10817	5273
10817	7736
10818	5755
10818	4084
10821	11837
10827	8809
10827	7829
10828	6896
10828	6290
10831	1702
10831	8836
10835	1941
10835	11819
10838	10611
10842	3580
10842	9345
10846	9828
10850	845
10853	1705
10853	9644
10858	4388
10858	4370
10859	2335
10859	7251
10860	2662
10863	2688
10864	102
10864	10839
10872	6745
10872	10628
10873	11659
10873	1878
10874	11745
10874	7023
10875	7749
10875	7957
10877	8065
10877	12055
10879	2143
10883	2217
10883	10960
10884	8375
10888	9404
10888	5757
10890	9090
10890	2888
10897	8835
10898	1246
10898	4371
10899	5875
10901	7855
10901	6341
10905	8108
10905	11072
10909	2859
10909	10534
10912	9489
10914	8585
10914	5577
10923	6827
10923	4271
10930	9901
10933	10294
10935	6808
10935	5910
10936	10896
10937	5550
10937	9913
10939	7855
10939	6341
10940	3633
10940	105
10941	11547
10941	6009
10943	3033
10943	11695
10944	2002
10945	10946
10948	5087
10950	10518
10950	10514
10955	11475
10956	11520
10958	5104
10962	10354
10962	5790
10964	1964
10968	1702
10968	8836
10972	11667
10972	3046
10977	6949
10977	6793
10979	7281
10979	3218
10981	2089
10981	5671
10985	4094
10986	3033
10986	11695
10988	9106
10988	2186
10989	7638
10990	1315
10990	8211
10992	6818
10992	6249
10995	5292
10999	1340
10999	3178
11002	7459
11002	7113
11003	988
11003	8898
11004	7738
11004	11884
11006	11160
11006	10167
11008	4647
11008	2298
11011	4636
11012	4747
11012	1136
11014	4231
11014	9081
11017	266
11017	2774
11022	6435
11033	4667
11037	6336
11037	92
11043	10425
11043	4477
11047	5238
11055	87
11055	9663
11057	8174
11057	568
11060	10489
11060	7357
11064	7318
11064	10639
11068	686
11070	8719
11070	6283
11073	9755
11073	4062
11074	10316
11074	4144
11075	8174
11075	568
11076	2226
11076	10155
11077	7431
11077	4085
11082	7459
11082	7113
11086	7150
11086	450
11087	9757
11087	4235
11092	1414
11092	11620
11093	2143
11097	8585
11097	5577
11098	3280
11099	2144
11107	6749
11107	147
11111	9755
11111	4062
11118	4086
11120	9196
11120	3530
11123	2335
11123	7251
11125	2859
11125	10534
11131	1554
11131	8424
11134	7323
11135	2930
11135	3335
11139	10480
11139	5518
11141	10824
11154	5709
11156	9828
11158	5633
11158	4215
11162	5229
11162	6673
11166	9901
11171	3934
11171	7213
11172	10022
11172	11473
11173	4102
11176	87
11176	9663
11182	10316
11182	4144
11183	30
11183	853
11184	2190
11185	4269
11189	2735
11189	3432
11190	5292
11192	6827
11192	4271
11195	10149
11197	5999
11197	7731
11199	11283
11199	9047
11201	6082
11201	11066
11203	1692
11203	6436
11206	6974
11207	8799
11210	11667
11210	3046
11211	7767
11211	5364
11213	4485
11213	8520
11215	11200
11217	583
11217	6197
11219	10659
11219	9063
11222	2517
11222	5959
11223	7855
11223	6341
11224	11264
11228	10148
11228	9029
11230	9489
11231	8108
11231	11072
11238	1268
11238	1390
11239	3389
11239	8260
11243	8198
11247	3626
11249	6044
11252	8802
11252	11892
11254	4168
11254	10664
11257	4496
11257	5080
11258	3389
11258	8260
11262	1606
11265	10008
11265	11588
11273	7077
11274	5025
11275	8981
11275	9
11277	11729
11277	9376
11281	9517
11281	9406
11284	5624
11285	4728
11288	11422
11291	10611
11293	3220
11293	11623
11294	9539
11294	11334
11295	1773
11295	4229
11299	3033
11299	11695
11303	3326
11303	4806
11306	11837
11308	9769
11308	6912
11310	512
11312	11263
11312	10196
11313	7003
11313	9092
11314	10057
11319	3408
11319	10037
11329	1544
11329	3127
11331	3958
11331	7714
11335	3436
11335	730
11336	7431
11336	4085
11339	5320
11339	8442
11342	964
11343	84
11343	10157
11344	8769
11344	9006
11347	2002
11348	3389
11348	8260
11349	3977
11349	2373
11357	11425
11357	9630
11360	3408
11360	10037
11363	11827
11363	5829
11367	8784
11371	7398
11376	10102
11380	5126
11381	12008
11381	8341
11385	10057
11395	6365
11395	11393
11399	6572
11400	3265
11404	263
11405	7792
11405	11900
11407	2748
11409	11460
11411	1615
11412	3545
11413	1394
11415	9992
11416	9635
11416	10794
11417	3545
11423	11424
11423	2838
11426	5936
11426	11930
11429	2471
11429	2198
11431	7522
11433	3025
11433	590
11437	10354
11437	5790
11438	2751
11443	3535
11446	8224
11446	6163
11468	5277
11468	9471
11470	2130
11470	12081
11479	5900
11479	4247
11480	5683
11480	4710
11482	3788
11482	3000
11483	5284
11485	5188
11487	86
11488	635
11488	1204
11491	87
11491	9663
11493	9732
11493	396
11506	7434
11506	3521
11508	10517
11511	1395
11511	1230
11514	606
11514	3275
11523	1775
11523	3863
11530	7792
11530	11900
11531	10819
11535	1858
11538	9769
11538	6912
11539	7281
11539	3218
11545	102
11545	10839
11546	1340
11546	3178
11549	8493
11549	7012
11556	9362
11571	5936
11571	11930
11572	7765
11572	6969
11573	3467
11583	11432
11583	4252
11585	648
11587	8602
11587	2510
11592	6732
11592	10568
11603	7077
11610	305
11611	10156
11611	7603
11617	7469
11617	10590
11618	2143
11619	6566
11619	10409
11622	4210
11626	1705
11626	9644
11627	5558
11627	7313
11628	4239
11628	938
11629	5683
11629	4710
11630	1305
11630	5275
11631	5320
11631	8442
11635	8691
11640	5999
11640	7731
11644	11547
11644	6009
11646	8205
11646	4737
11649	7088
11649	5623
11653	3301
11653	11462
11668	2859
11668	10534
11672	5634
11672	8810
11674	6896
11674	6290
11675	6710
11676	603
11676	10609
11680	5084
11680	7659
11681	6089
11681	2690
11682	7545
11683	2740
11683	126
11686	8198
11689	7025
11689	11387
11694	10518
11694	10514
11698	10725
11698	7813
11703	6808
11703	5910
11708	2924
11708	7698
11709	6804
11709	5067
11710	2155
11715	6816
11715	2330
11716	10679
11716	6145
11718	7224
11718	284
11720	1279
11724	8954
11724	1100
11727	7936
11727	6864
11728	8981
11728	9
11730	11311
11730	2355
11740	509
11740	2777
11743	1941
11743	11819
11744	10762
11747	7765
11747	6969
11750	7920
11750	497
11755	1652
11758	10507
11758	2626
11759	1747
11759	8800
11760	1400
11763	10102
11764	8150
11765	4086
11769	5084
11769	7659
11772	10715
11772	238
11775	6309
11775	5658
11776	9992
11778	8687
11779	2754
11780	8339
11780	5772
11782	3687
11782	9182
11783	6615
11785	6348
11788	1599
11789	8306
11789	11647
11791	9296
11793	6389
11794	3511
11794	1655
11795	10341
11798	3773
11798	8265
11800	11601
11803	3032
11807	3418
11807	6766
11810	5994
11810	5979
11813	8493
11813	7012
11815	9158
11815	7208
11816	6082
11816	11066
11821	9517
11821	9406
11830	7920
11830	497
11831	8150
11833	5025
11836	11995
11839	5999
11839	7731
11840	589
11841	3033
11841	11695
11844	4388
11844	4370
11845	2688
11847	5798
11847	5894
11848	9296
11849	2130
11849	12081
11854	11422
11855	4930
11855	5271
11856	8065
11856	12055
11857	4096
11857	10176
11859	5634
11859	8810
11861	10148
11861	9029
11863	1705
11863	9644
11864	8809
11864	7829
11867	3408
11867	10037
11869	1175
11871	4210
11873	10679
11873	6145
11875	4880
11875	4187
11876	3970
11876	2442
11878	5214
11878	11651
11881	8224
11881	6163
11883	11962
11890	1866
11896	1305
11896	5275
11897	749
11897	10980
11898	356
11901	10855
11901	5428
11907	3790
11908	10407
11908	6405
11909	9109
11913	8339
11913	5772
11914	9926
11914	2636
11915	10387
11917	3955
11921	7763
11923	4621
11923	2410
11924	10354
11924	5790
11925	1819
11928	9977
11928	5376
11929	9209
11929	9326
11932	8163
11933	11937
11933	4449
11936	4797
11938	266
11938	2774
11941	2415
11941	9958
11943	4560
11943	793
11946	10439
11946	6961
11947	4438
11951	1340
11951	3178
11956	7767
11956	5364
11957	1175
11958	9732
11958	396
11959	6171
11959	7300
11963	6896
11963	6290
11965	2605
11966	7924
11966	4550
11968	11000
11968	3464
11973	7512
11973	5529
11982	5087
11983	2144
11985	7346
11985	3466
11988	10855
11988	5428
11989	1343
11993	8174
11993	568
11997	6749
11997	147
12001	7670
12013	7512
12013	5529
12015	10725
12015	7813
12016	10439
12016	6961
12017	7563
12017	9783
12021	3220
12021	11623
12022	12111
12023	314
12024	3033
12024	11695
12025	2505
12025	1676
12027	9205
12027	1244
12032	6307
12033	2925
12034	2415
12034	9958
12036	7611
12037	11937
12037	4449
12039	4325
12041	10824
12045	4197
12045	6672
12046	2662
12048	10653
12048	6980
12049	9928
12049	9234
12053	11403
12053	7870
12058	4168
12058	10664
12060	8698
12060	8273
12062	10659
12062	9063
12063	1343
12070	6265
12070	8938
12074	4636
12077	5124
12078	1705
12078	9644
12082	6142
12083	4096
12083	10176
12087	4428
12087	7902
12088	988
12088	8898
12090	4797
12091	9989
12091	11500
12094	3285
12095	6566
12095	10409
12098	5780
12098	4381
12100	8135
12104	1702
12104	8836
12106	2145
12106	10764
