8	3158
8	8841
10	4611
10	11179
12	8432
17	1518
17	10440
18	12026
18	1727
20	1170
20	3473
21	1288
24	6921
27	6152
27	7314
28	6198
28	11731
35	4569
35	8228
41	8249
41	11544
43	11528
43	6306
47	11484
47	9141
48	8201
48	10733
50	10401
50	9949
51	1984
51	406
53	6951
54	6533
54	3556
58	7674
60	874
60	922
61	806
61	59
62	6993
62	9391
64	319
64	3830
65	2782
65	5063
67	3244
70	6395
70	9257
71	8523
74	3062
76	11025
77	3846
77	11662
78	6609
78	6619
85	6412
85	9393
89	567
89	10195
90	738
94	3975
94	8680
95	9395
95	8505
98	8498
103	7848
103	8613
106	4611
106	11179
108	2121
108	4424
109	10600
110	12089
110	1786
112	8441
112	519
115	3916
115	8718
116	11615
116	7958
117	8589
120	2098
120	4549
123	3822
123	4203
125	9796
125	4917
129	8630
129	10696
137	5259
137	10109
138	1755
138	7816
141	4661
142	7319
142	3334
143	8766
146	526
146	10805
155	4750
158	9799
158	5069
164	5571
165	4721
165	3996
167	9279
168	6181
168	5048
169	8266
169	7394
175	8190
177	10215
181	4661
182	303
187	9271
187	10277
188	5923
188	1897
195	6844
197	11723
201	3150
201	4759
210	7153
210	10347
212	9524
215	5139
215	279
218	3855
218	9638
220	6533
220	3556
222	10749
222	10234
223	10448
223	9317
227	7240
227	7754
229	2661
229	6407
232	3116
233	8129
233	8839
234	7139
234	6281
235	9728
235	6956
240	2603
240	8291
243	665
245	11862
246	5804
246	5617
248	10401
248	9949
249	3091
249	1756
250	1755
250	7816
257	9623
257	9821
259	8494
262	3158
262	8841
264	7319
264	3334
265	300
267	11232
270	797
270	6791
271	480
272	6755
272	8364
274	6913
276	7074
276	4392
283	484
288	10061
290	9965
290	2575
296	979
299	1054
299	6292
301	7129
306	239
306	6872
312	11414
315	4601
316	7908
316	8217
320	3926
321	3164
321	5721
325	6326
329	3026
331	8249
331	11544
332	3938
332	3354
334	6683
334	4618
336	10215
339	1476
340	3461
340	5140
342	11148
342	2579
344	5206
347	6755
347	8364
348	2071
349	11325
349	5654
351	1879
351	4658
353	5117
353	9861
354	7185
354	10121
361	3304
361	3706
365	8651
365	180
366	7806
366	11996
373	10244
373	1754
375	10947
376	7558
377	10550
380	9856
380	11777
382	7523
382	7881
383	11401
383	530
385	7265
385	7268
386	8752
386	4001
392	1883
392	216
393	8388
393	1005
405	8047
405	1572
407	8798
407	7069
408	2485
408	6123
409	3855
409	9638
410	10266
412	1118
412	1586
415	401
415	11341
416	699
416	2790
418	5675
419	9022
419	10326
420	3233
420	1669
421	10027
421	10019
423	10895
423	6304
424	3202
428	6138
429	3515
429	12043
430	2603
430	8291
435	3202
436	6850
440	6696
441	9965
441	2575
445	1280
447	8684
447	7445
452	11615
452	7958
453	8983
454	5114
454	10925
455	11906
458	9810
463	555
463	7851
464	2225
464	6302
466	7806
466	11996
468	3300
468	4092
472	3062
473	8994
473	8515
474	6155
475	7619
475	5352
476	8795
476	6953
481	9809
481	5183
482	4225
486	9352
488	2211
488	11268
489	11030
490	1293
496	4652
496	2014
500	11148
500	2579
502	621
502	2421
505	4344
505	8778
516	4507
516	7720
521	3322
524	7286
532	2334
532	1783
533	7908
533	8217
535	3233
535	1669
536	8918
538	7479
540	2964
541	3515
541	12043
544	6176
544	7198
547	10378
550	11325
550	5654
552	11945
553	526
553	10805
557	8730
557	5439
558	11373
560	1079
560	4153
566	2609
566	5129
573	5228
573	2758
581	5622
581	3115
582	2425
582	7992
584	2611
584	4633
585	11919
585	471
588	6571
588	3493
591	3084
591	10640
601	5117
601	9861
604	578
604	3014
609	10403
613	8752
613	4001
614	3643
614	9401
615	3202
616	3233
616	1669
617	4776
617	1085
619	6955
620	10381
620	9760
624	6272
624	11048
626	7319
626	3334
628	6260
631	7811
631	4803
639	3515
639	12043
640	11692
642	6967
644	629
644	7197
645	2485
645	6123
647	7427
653	1923
653	3650
657	6314
657	4503
667	6951
668	5675
669	9779
669	3159
671	2911
671	1800
675	4264
677	3026
679	1996
679	5166
685	4730
691	6272
691	11048
697	6750
697	2465
700	1078
700	12061
702	277
702	6756
704	9099
704	7095
705	4665
705	7798
709	3644
710	8964
710	7985
719	2425
719	7992
720	5888
720	4222
724	1118
724	1586
726	11918
726	5302
727	3540
727	11842
729	4886
729	5554
731	9339
733	242
738	10492
738	7206
739	6575
739	5967
740	7811
740	4803
741	2547
741	10546
742	3571
748	1027
754	7797
754	735
755	11316
755	752
756	5960
756	9403
761	4632
761	308
772	8276
775	11157
779	4657
779	2989
782	6412
782	9393
784	9623
784	9821
788	6899
788	7586
789	7186
789	6125
791	9231
791	10417
794	2961
794	6458
796	4992
796	2566
807	6314
807	4503
814	10131
816	4612
817	3881
817	10652
819	2726
819	917
823	10908
824	2716
824	3806
826	1409
826	3979
828	1432
828	7280
831	2098
831	4549
835	9810
836	11221
836	8966
837	425
838	2954
839	4196
839	9060
844	9146
844	9838
847	11148
847	2579
848	2529
848	459
850	2961
850	6458
855	11401
855	530
856	57
856	7406
857	9986
858	300
861	1720
864	2405
864	10738
865	10205
865	9133
867	10757
872	4126
878	7619
878	5352
881	2131
881	5173
883	425
886	2630
888	1915
888	5997
890	10434
890	5399
892	7052
896	6176
896	7198
897	6899
897	7586
898	9120
900	10198
902	3093
902	9380
903	6983
903	3553
909	11081
909	721
912	4886
912	5554
913	319
913	3830
914	12067
914	11607
928	6533
928	3556
933	3870
933	10339
934	9027
934	5225
936	3283
936	5235
937	5259
937	10109
940	12044
940	4729
948	11148
948	2579
949	7106
949	10754
951	401
951	11341
956	9669
960	12086
960	10529
966	829
966	7841
967	3928
968	6787
969	3158
969	8841
972	7163
975	5923
975	1897
981	3377
981	4172
982	3840
985	239
985	6872
987	11568
994	4410
994	1457
995	1719
995	5725
1006	2540
1014	1996
1014	5166
1015	5117
1015	9861
1016	1915
1016	5997
1021	3972
1022	3062
1028	9809
1028	5183
1031	6955
1032	2073
1032	1086
1034	7722
1034	2324
1036	7665
1039	140
1039	970
1041	5100
1041	7547
1042	5100
1042	7547
1043	9776
1043	9985
1048	4009
1048	2518
1050	2552
1052	9524
1053	10352
1053	10511
1056	4665
1056	7798
1058	6647
1058	3734
1059	5625
1059	12047
1061	10448
1061	9317
1063	5178
1066	1996
1066	5166
1069	7926
1069	781
1071	1208
1077	806
1077	59
1080	2284
1081	1879
1081	4658
1083	6967
1088	551
1088	7640
1089	9199
1089	6096
1090	3410
1090	9673
1091	2485
1091	6123
1094	3627
1094	417
1096	10908
1107	526
1107	10805
1108	11918
1108	5302
1109	4665
1109	7798
1110	8293
1113	7616
1113	673
1116	10304
1116	8549
1120	5367
1120	3735
1125	5206
1126	6105
1126	4081
1129	11232
1131	6664
1131	9707
1133	11041
1141	2228
1141	5828
1149	11608
1154	11187
1160	7319
1160	3334
1161	268
1164	2098
1164	4549
1174	979
1180	4612
1185	7776
1193	8031
1193	1020
1199	4764
1202	4257
1202	11198
1207	2779
1207	2367
1209	2995
1209	7347
1211	10503
1211	9730
1212	8785
1212	9991
1213	2630
1214	11290
1215	522
1215	10163
1218	1078
1218	12061
1222	7762
1222	8223
1223	1054
1223	6292
1225	3084
1225	10640
1226	8388
1226	1005
1228	6621
1228	11518
1232	5264
1232	3612
1237	8785
1237	9991
1245	5099
1245	11586
1248	551
1248	7640
1250	9796
1250	4917
1254	7534
1254	4522
1257	2995
1257	7347
1264	5264
1264	3612
1265	6094
1265	2535
1266	6108
1266	2600
1267	7129
1269	2281
1274	10047
1274	7006
1275	2098
1275	4549
1276	10522
1278	4611
1278	11179
1282	401
1282	11341
1284	10224
1284	3139
1286	1509
1286	2610
1287	8428
1287	7220
1292	9965
1292	2575
1295	514
1295	9261
1297	6152
1297	7314
1300	7154
1301	4569
1301	8228
1302	8992
1302	5120
1303	9146
1303	9838
1308	9279
1312	806
1312	59
1314	6226
1321	7074
1321	4392
1322	3627
1322	417
1325	10064
1325	5314
1327	12011
1329	4341
1329	11700
1330	7817
1330	8244
1331	1342
1331	5598
1336	1054
1336	6292
1339	1293
1344	6326
1346	11665
1347	11528
1347	6306
1350	6108
1350	2600
1351	379
1351	1262
1354	9643
1354	3746
1357	7794
1357	5045
1358	8280
1358	1128
1359	643
1361	1879
1361	4658
1362	2961
1362	6458
1364	3403
1364	2180
1370	7607
1370	6836
1371	8280
1371	1128
1372	3091
1372	1756
1374	5052
1375	1518
1375	10440
1376	11365
1378	2825
1378	236
1379	8523
1381	4216
1382	8957
1383	239
1383	6872
1384	11027
1388	10807
1388	6907
1392	10757
1393	6450
1393	4011
1397	6755
1397	8364
1398	596
1398	6596
1399	118
1399	6942
1407	2825
1407	236
1412	4886
1412	5554
1413	6538
1413	10329
1417	9395
1417	8505
1421	5407
1421	4717
1424	1879
1424	4658
1427	1112
1427	6035
1428	8256
1434	3461
1434	5140
1439	1103
1441	8766
1442	11711
1442	10599
1446	5248
1449	7806
1449	11996
1450	10908
1453	953
1456	9669
1461	277
1461	6756
1464	446
1465	1044
1465	5307
1468	7810
1468	769
1469	11090
1469	12002
1479	11148
1479	2579
1482	11459
1483	2071
1484	8438
1484	2796
1485	2225
1485	6302
1488	2121
1488	4424
1489	11054
1495	253
1495	9463
1506	8432
1508	3461
1508	5140
1515	2966
1515	7201
1517	8630
1517	10696
1527	10483
1527	11540
1528	8249
1528	11544
1530	8279
1530	10408
1531	4993
1531	693
1532	7796
1532	3943
1534	7796
1534	3943
1536	5888
1536	4222
1537	4632
1537	308
1550	7760
1550	9512
1553	1070
1553	2794
1555	3762
1557	3596
1557	4874
1558	3026
1560	5643
1561	255
1561	7239
1563	1403
1564	9339
1565	10857
1565	4128
1570	1755
1570	7816
1575	9099
1575	7095
1576	7325
1580	11379
1580	4506
1583	12007
1583	8323
1584	484
1585	3233
1585	1669
1587	9203
1587	3342
1589	3300
1589	4092
1590	2765
1590	2406
1593	11679
1593	9304
1594	1073
1594	10104
1600	8873
1600	404
1601	5883
1601	6114
1610	10895
1610	6304
1612	4344
1612	8778
1613	699
1613	2790
1614	6696
1615	11401
1615	530
1621	12026
1621	1727
1627	6181
1627	5048
1630	11615
1630	7958
1631	6865
1635	9038
1635	1982
1636	8129
1636	8839
1643	3644
1647	6445
1647	6386
1651	2185
1651	414
1653	5608
1653	8842
1658	555
1658	7851
1666	7185
1666	10121
1670	1236
1670	1718
1671	9422
1677	9395
1677	8505
1679	3972
1681	11290
1683	1955
1683	8879
1690	1114
1690	5082
1697	11081
1697	721
1698	8684
1698	7445
1714	6226
1716	1682
1716	11820
1717	7106
1717	10754
1722	3107
1722	8207
1723	7606
1730	10551
1734	6450
1734	4011
1735	5576
1737	874
1737	922
1738	2537
1738	11541
1740	5178
1744	6412
1744	9393
1746	8015
1746	6537
1757	8795
1757	6953
1758	7848
1758	8613
1759	11251
1759	11939
1761	6844
1764	4910
1765	4620
1765	2848
1766	213
1766	1283
1767	1208
1768	1710
1774	7558
1776	5034
1777	2454
1777	8533
1779	11486
1779	1060
1780	9132
1780	10457
1781	6820
1781	8677
1784	1403
1790	806
1790	59
1793	9799
1793	5069
1794	9776
1794	9985
1795	2911
1795	1800
1796	11615
1796	7958
1797	6314
1797	4503
1801	7806
1801	11996
1805	5669
1806	268
1807	230
1807	6424
1808	7848
1808	8613
1809	8249
1809	11544
1810	10596
1813	8438
1813	2796
1815	2911
1815	1800
1818	8816
1818	768
1821	2630
1822	7240
1822	7754
1823	11071
1827	6383
1828	3074
1830	1711
1837	4699
1837	11276
1840	6504
1843	9146
1843	9838
1846	10132
1846	32
1848	8438
1848	2796
1852	11316
1852	752
1855	293
1859	2316
1859	4596
1860	8630
1860	10696
1862	8494
1863	5675
1864	253
1864	9463
1867	1112
1867	6035
1870	57
1870	7406
1874	2995
1874	7347
1875	9669
1881	4661
1889	10304
1889	8549
1891	9940
1891	7752
1892	1710
1894	1719
1894	5725
1896	11513
1898	2716
1898	3806
1901	9674
1901	5710
1902	3377
1902	4172
1904	8766
1905	2319
1909	3846
1909	11662
1912	8279
1912	10408
1916	9674
1916	5710
1919	10596
1920	3643
1920	9401
1924	10815
1925	8975
1925	5987
1932	11148
1932	2579
1940	2401
1942	4058
1942	3017
1946	46
1952	8410
1954	9856
1954	11777
1956	8730
1956	5439
1959	8226
1959	8559
1962	3322
1966	10503
1966	9730
1970	3611
1970	1197
1972	10844
1972	7847
1974	9271
1974	10277
1976	11054
1977	7185
1977	10121
1979	6967
1981	140
1981	970
1983	3515
1983	12043
1985	3164
1985	5721
1989	767
1990	8584
1990	11356
1993	12089
1993	1786
1995	4180
1995	1899
1997	10224
1997	3139
1998	8279
1998	10408
2005	11591
2007	2185
2007	414
2010	6752
2011	9799
2011	5069
2016	1073
2016	10104
2023	10266
2025	6609
2025	6619
2028	8828
2028	5911
2029	6983
2029	3553
2034	2779
2034	2367
2035	3074
2038	7776
2039	3283
2039	5235
2042	2316
2042	4596
2045	5228
2045	2758
2047	4854
2054	8664
2054	6282
2055	8247
2057	7783
2057	10822
2059	2150
2060	5960
2060	9403
2062	3461
2062	5140
2064	253
2064	9463
2066	4632
2066	308
2067	3150
2067	4759
2068	4993
2068	693
2070	7173
2070	9233
2072	2661
2072	6407
2076	4601
2079	9643
2079	3746
2080	6865
2081	8017
2081	5892
2082	6666
2082	11581
2084	7751
2084	4273
2085	11138
2086	813
2086	3370
2087	1711
2094	10857
2094	4128
2095	4853
2095	8577
2097	9038
2097	1982
2100	2699
2100	2960
2114	10027
2114	10019
2117	1814
2117	3241
2118	10596
2119	6922
2119	7913
2122	2603
2122	8291
2124	6575
2124	5967
2134	12075
2134	2123
2139	1026
2140	6835
2141	11669
2141	652
2142	6621
2142	11518
2147	6683
2147	4618
2149	6983
2149	3553
2151	7463
2154	11148
2154	2579
2157	6314
2157	4503
2162	8015
2162	6537
2169	2228
2169	5828
2170	251
2170	3135
2171	829
2171	7841
2173	2961
2173	6458
2175	9472
2175	11218
2184	1112
2184	6035
2188	5139
2188	279
2194	10483
2194	11540
2196	11379
2196	4506
2210	5571
2213	6921
2214	6755
2214	8364
2216	1148
2219	12064
2220	526
2220	10805
2221	4058
2221	3017
2222	8584
2222	11356
2229	5099
2229	11586
2232	9878
2234	4611
2234	11179
2235	6383
2238	8279
2238	10408
2240	9740
2240	1205
2243	8730
2243	5439
2244	806
2244	59
2248	2529
2248	459
2249	8129
2249	8839
2253	8816
2253	768
2256	2131
2256	5173
2257	3300
2257	4092
2261	3611
2261	1197
2268	2439
2268	7217
2269	4661
2274	9269
2277	656
2283	6993
2283	9391
2286	12072
2287	10381
2287	9760
2294	7074
2294	4392
2295	8293
2296	8664
2296	6282
2301	12085
2306	7037
2309	1729
2318	5177
2318	10269
2321	1363
2321	9919
2325	10613
2325	3582
2326	10132
2326	32
2329	6575
2329	5967
2331	3360
2331	8361
2340	6575
2340	5967
2349	118
2349	6942
2350	10844
2350	7847
2351	8732
2351	2205
2353	5902
2354	11251
2354	11939
2357	1879
2357	4658
2358	4299
2358	10728
2361	11972
2363	3105
2363	82
2364	6983
2364	3553
2365	4908
2365	9005
2366	1070
2366	2794
2376	2537
2376	11541
2377	7806
2377	11996
2378	2699
2378	2960
2380	10131
2387	5052
2389	758
2389	7609
2391	8432
2392	6450
2392	4011
2394	10720
2394	10214
2395	2281
2397	8034
2397	3704
2399	2405
2399	10738
2409	2285
2409	6906
2416	9231
2416	10417
2417	3643
2417	9401
2420	8975
2420	5987
2423	9650
2423	12012
2427	178
2427	4923
2429	11061
2429	6001
2432	3164
2432	5721
2433	8279
2433	10408
2435	2603
2435	8291
2436	5669
2443	3682
2443	11935
2444	8256
2447	5608
2447	8842
2450	11972
2452	10239
2452	9129
2453	6064
2456	4750
2462	4009
2462	2518
2463	7848
2463	8613
2464	3255
2464	10025
2466	1923
2466	3650
2470	9728
2470	6956
2475	11148
2475	2579
2476	1102
2479	3403
2479	2180
2483	10093
2483	5269
2486	4802
2489	7356
2490	8900
2492	10266
2496	7758
2499	10018
2503	2765
2503	2406
2508	10132
2508	32
2509	11608
2511	9810
2512	9559
2512	3653
2513	5688
2513	10053
2515	5367
2515	3735
2516	9708
2516	2523
2521	3846
2521	11662
2525	6621
2525	11518
2526	7240
2526	7754
2527	6851
2527	10978
2530	6659
2533	9704
2533	8634
2534	10895
2534	6304
2536	3202
2539	10431
2539	1431
2543	10392
2544	4632
2544	308
2551	2727
2551	9701
2559	6647
2559	3734
2563	2098
2563	4549
2564	1432
2564	7280
2565	2111
2565	11706
2567	8964
2567	7985
2570	4699
2570	11276
2571	2911
2571	1800
2572	9352
2573	2152
2581	842
2581	5523
2582	11240
2583	2699
2583	2960
2584	8584
2584	11356
2597	2961
2597	6458
2599	4186
2601	6575
2601	5967
2607	3093
2607	9380
2608	6921
2613	1321
2617	6105
2617	4081
2619	2874
2623	11034
2623	6714
2627	8964
2627	7985
2628	1729
2634	7164
2635	1103
2637	11251
2637	11939
2639	7758
2640	3244
2641	1739
2648	4699
2648	11276
2655	11615
2655	7958
2657	2384
2660	11025
2663	4699
2663	11276
2667	5259
2667	10109
2670	11338
2670	7787
2673	2966
2673	7201
2675	2121
2675	4424
2677	6922
2677	7913
2680	7970
2681	8664
2681	6282
2689	5902
2692	2940
2692	7297
2694	166
2694	4064
2696	433
2696	1162
2703	3846
2703	11662
2705	357
2705	9729
2707	8266
2707	7394
2708	8249
2708	11544
2709	11591
2710	6085
2711	4196
2711	9060
2713	11692
2714	3202
2717	4257
2717	11198
2719	8337
2719	4646
2722	6922
2722	7913
2731	3164
2731	5721
2732	11595
2734	5754
2734	5190
2737	8873
2737	404
2738	8047
2738	1572
2741	1719
2741	5725
2742	1711
2743	2451
2743	10963
2744	10515
2745	4776
2745	1085
2746	7325
2747	10720
2747	10214
2749	3410
2749	9673
2753	6684
2753	7550
2755	9472
2755	11218
2756	2716
2756	3806
2757	7414
2764	11919
2764	471
2773	2529
2773	459
2775	9986
2776	3596
2776	4874
2778	4264
2780	6094
2780	2535
2786	3928
2788	11513
2789	8732
2789	2205
2793	2405
2793	10738
2797	9203
2797	3342
2799	9395
2799	8505
2801	3840
2802	2285
2802	6906
2803	11035
2803	3294
2805	4657
2805	2989
2806	596
2806	6596
2807	6533
2807	3556
2808	11801
2809	293
2813	8428
2813	7220
2814	10596
2823	3352
2823	10512
2826	4216
2827	6504
2834	2285
2834	6906
2835	7848
2835	8613
2836	11799
2836	9413
2840	8918
2846	5445
2849	4478
2849	1699
2850	5373
2853	7404
2854	11669
2854	652
2855	2779
2855	2367
2861	10844
2861	7847
2863	12011
2867	230
2867	6424
2869	3561
2873	6922
2873	7913
2881	522
2881	10163
2882	10266
2883	11030
2885	6468
2885	3224
2887	3926
2890	2726
2890	917
2893	4870
2896	4087
2899	7463
2900	1710
2901	8994
2901	8515
2903	2964
2905	10027
2905	10019
2906	8957
2909	6297
2909	2693
2912	7619
2912	5352
2916	8732
2916	2205
2919	6955
2926	3411
2927	9269
2928	10223
2933	11379
2933	4506
2934	7665
2943	178
2943	4923
2946	3283
2946	5235
2951	4588
2953	8795
2953	6953
2959	1235
2959	8331
2962	4058
2962	3017
2968	2966
2968	7201
2970	12067
2970	11607
2972	4108
2973	5926
2975	1112
2975	6035
2976	1814
2976	3241
2978	4620
2978	2848
2979	12075
2979	2123
2981	3403
2981	2180
2982	10401
2982	9949
2984	7806
2984	11996
2992	11903
2994	4908
2994	9005
2997	9855
3002	1224
3002	324
3004	6609
3004	6619
3005	8630
3005	10696
3007	4770
3007	4742
3009	1285
3015	7606
3018	10047
3018	7006
3019	8201
3019	10733
3021	4870
3022	4341
3022	11700
3035	6575
3035	5967
3036	11684
3037	8129
3037	8839
3038	11020
3040	6272
3040	11048
3042	4632
3042	308
3043	11919
3043	471
3045	10791
3047	11484
3047	9141
3048	10264
3052	1078
3052	12061
3054	9352
3058	11723
3063	6477
3063	7468
3065	3091
3065	1756
3066	4196
3066	9060
3067	6326
3070	1403
3072	8177
3072	743
3078	11251
3078	11939
3080	9524
3082	2995
3082	7347
3085	2152
3087	3611
3087	1197
3092	6987
3096	8266
3096	7394
3097	56
3097	11119
3100	9674
3100	5710
3102	4699
3102	11276
3109	4126
3111	6314
3111	4503
3114	9809
3114	5183
3117	797
3117	6791
3125	7154
3126	12067
3126	11607
3129	1208
3130	4632
3130	308
3134	4652
3134	2014
3136	10448
3136	9317
3140	4009
3140	2518
3142	4868
3152	4868
3154	9799
3154	5069
3155	4257
3155	11198
3162	4699
3162	11276
3166	2727
3166	9701
3167	9940
3167	7752
3168	5888
3168	4222
3169	1772
3169	6708
3171	11267
3171	3053
3172	171
3175	7776
3182	4992
3182	2566
3187	7376
3188	10392
3191	11528
3191	6306
3195	11862
3196	57
3196	7406
3197	4802
3200	5405
3200	1703
3204	11669
3204	652
3205	3202
3206	11568
3209	10844
3209	7847
3221	8015
3221	6537
3227	9159
3227	4416
3228	10419
3228	10189
3231	911
3232	2874
3234	6445
3234	6386
3239	10503
3239	9730
3248	6609
3248	6619
3250	11187
3256	11692
3257	46
3258	4853
3258	8577
3261	10600
3272	11323
3272	7935
3273	8955
3273	8012
3274	4548
3278	8315
3278	605
3282	7915
3282	4456
3284	1208
3286	1026
3289	9895
3289	3216
3292	1258
3295	2966
3295	7201
3296	7619
3296	5352
3297	6571
3297	3493
3298	2071
3303	6621
3303	11518
3309	911
3310	178
3310	4923
3312	2485
3312	6123
3313	4165
3313	5456
3317	9643
3317	3746
3321	2073
3321	1086
3324	3881
3324	10652
3327	6951
3330	8432
3331	4770
3331	4742
3332	433
3332	1162
3333	8983
3336	7074
3336	4392
3338	11615
3338	7958
3345	166
3345	4064
3348	9027
3348	5225
3349	2547
3349	10546
3350	7616
3350	673
3351	3121
3351	7835
3361	4657
3361	2989
3362	2995
3362	7347
3365	303
3367	7786
3367	5460
3372	9953
3372	3399
3373	9914
3373	5035
3376	6621
3376	11518
3378	6450
3378	4011
3380	2876
3385	6666
3385	11581
3386	2334
3386	1783
3390	12072
3395	7970
3402	5891
3402	6834
3404	1153
3404	9095
3405	8407
3405	10825
3412	9932
3420	6609
3420	6619
3425	3244
3428	7120
3429	8730
3429	5439
3430	8388
3430	1005
3434	5100
3434	7547
3435	11606
3437	8798
3437	7069
3439	8573
3439	11205
3442	8047
3442	1572
3443	4910
3448	3233
3448	1669
3454	9708
3454	2523
3455	10959
3457	7154
3459	6993
3459	9391
3465	9809
3465	5183
3468	8226
3468	8559
3471	10378
3472	8153
3472	7919
3474	2876
3475	5228
3475	2758
3479	2474
3480	7479
3483	6211
3486	2874
3487	1026
3488	239
3488	6872
3490	230
3490	6424
3492	2529
3492	459
3498	9708
3498	2523
3504	7173
3504	9233
3505	8975
3505	5987
3507	4401
3509	4478
3509	1699
3514	7762
3514	8223
3516	7240
3516	7754
3517	11829
3520	3105
3520	82
3527	3093
3527	9380
3534	2716
3534	3806
3538	300
3546	56
3546	11119
3562	3352
3562	10512
3564	9799
3564	5069
3565	7657
3565	8743
3566	11679
3566	9304
3567	1102
3573	2974
3575	11486
3575	1060
3576	239
3576	6872
3577	4048
3579	6418
3589	4657
3589	2989
3591	843
3592	10288
3592	8310
3594	1996
3594	5166
3597	4126
3601	2995
3601	7347
3603	2961
3603	6458
3605	842
3605	5523
3607	4341
3607	11700
3610	11251
3610	11939
3614	166
3614	4064
3615	2405
3615	10738
3616	6412
3616	9393
3617	1509
3617	2610
3622	7534
3622	4522
3624	3105
3624	82
3628	8047
3628	1572
3630	4569
3630	8228
3631	4730
3632	3682
3632	11935
3637	8567
3642	8266
3642	7394
3645	11919
3645	471
3646	11269
3647	9099
3647	7095
3649	9159
3649	4416
3661	5843
3661	658
3665	11267
3665	3053
3666	6880
3666	5453
3669	578
3669	3014
3670	1861
3671	8955
3671	8012
3674	2111
3674	11706
3679	2661
3679	6407
3680	3084
3680	10640
3681	1420
3681	10876
3684	6931
3684	10445
3686	1224
3686	324
3690	7427
3694	9809
3694	5183
3696	4652
3696	2014
3701	10131
3702	9708
3702	2523
3703	11711
3703	10599
3708	10815
3712	5117
3712	9861
3714	3400
3717	9352
3719	5206
3722	11598
3723	7619
3723	5352
3727	4611
3727	11179
3729	3916
3729	8718
3731	1984
3731	406
3732	6063
3732	10840
3736	5427
3736	9226
3737	10027
3737	10019
3740	3322
3741	10224
3741	3139
3745	11906
3750	9779
3750	3159
3753	8276
3757	9965
3757	2575
3760	1103
3761	6094
3761	2535
3763	11502
3766	10047
3766	7006
3767	239
3767	6872
3769	9515
3769	4567
3771	2131
3771	5173
3774	4886
3774	5554
3777	4257
3777	11198
3785	3460
3791	8964
3791	7985
3793	8895
3793	6411
3794	11365
3795	11212
3796	2384
3798	2285
3798	6906
3800	11034
3800	6714
3801	12038
3801	2646
3804	3643
3804	9401
3809	9643
3809	3746
3810	9132
3810	10457
3811	5026
3812	3279
3813	8438
3813	2796
3814	2529
3814	459
3815	6880
3815	5453
3819	9779
3819	3159
3821	9674
3821	5710
3824	6752
3828	5622
3828	3115
3829	4665
3829	7798
3832	1955
3832	8879
3834	1027
3835	3881
3835	10652
3837	4569
3837	8228
3842	5796
3844	2480
3844	9385
3845	2983
3849	11034
3849	6714
3850	57
3850	7406
3851	2405
3851	10738
3852	2485
3852	6123
3853	6755
3853	8364
3854	4908
3854	9005
3856	2961
3856	6458
3862	11502
3865	1509
3865	2610
3868	9339
3869	4566
3869	9037
3872	9674
3872	5710
3875	7751
3875	4273
3878	4992
3878	2566
3886	526
3886	10805
3888	3926
3889	5739
3897	7768
3899	3116
3901	3822
3901	4203
3902	6450
3902	4011
3904	7663
3906	6835
3908	2418
3908	6251
3909	6666
3909	11581
3910	4478
3910	1699
3911	345
3911	2728
3913	8031
3913	1020
3918	4750
3919	5139
3919	279
3921	4652
3921	2014
3922	6571
3922	3493
3923	874
3923	922
3924	2474
3927	5712
3929	555
3929	7851
3931	176
3931	10178
3932	5960
3932	9403
3941	11414
3942	7074
3942	4392
3944	5945
3945	555
3945	7851
3947	2547
3947	10546
3952	3074
3953	7786
3953	5460
3956	8226
3956	8559
3957	4993
3957	693
3959	10198
3960	9341
3961	4611
3961	11179
3964	10027
3964	10019
3966	3540
3966	11842
3967	806
3967	59
3971	3360
3971	8361
3973	1054
3973	6292
3980	3300
3980	4092
3981	4601
3982	6383
3983	2285
3983	6906
3984	3293
3985	3413
3985	9639
3987	10131
3989	9984
3990	11296
3992	11251
3992	11939
3993	5407
3993	4717
3995	10205
3995	9133
4006	9984
4008	7376
4010	11373
4012	57
4012	7406
4013	176
4013	10178
4015	4135
4015	1217
4016	9856
4016	11777
4017	8567
4020	12044
4020	4729
4024	4569
4024	8228
4025	7848
4025	8613
4026	4225
4029	10483
4029	11540
4030	8315
4030	605
4036	5669
4037	643
4040	9809
4040	5183
4041	6575
4041	5967
4044	7811
4044	4803
4045	6664
4045	9707
4049	7240
4049	7754
4052	3020
4052	8509
4055	6270
4055	3208
4057	253
4057	9463
4060	178
4060	4923
4063	1363
4063	9919
4069	293
4072	8523
4077	656
4082	6152
4082	7314
4088	2736
4088	10211
4093	11414
4097	7106
4097	10754
4098	3352
4098	10512
4105	3360
4105	8361
4110	6913
4111	1119
4111	5389
4112	4566
4112	9037
4116	9856
4116	11777
4117	874
4117	922
4119	9809
4119	5183
4122	11081
4122	721
4123	3855
4123	9638
4127	10244
4127	1754
4131	213
4131	1283
4132	5052
4134	3300
4134	4092
4137	10100
4138	7558
4139	6647
4139	3734
4140	4770
4140	4742
4147	1509
4147	2610
4155	5259
4155	10109
4156	10131
4157	2537
4157	11541
4158	10596
4160	2109
4161	852
4161	9116
4166	10806
4166	6514
4169	8280
4169	1128
4170	10352
4170	10511
4174	10448
4174	9317
4175	11290
4179	2073
4179	1086
4181	4431
4184	9708
4184	2523
4185	1363
4185	9919
4190	9027
4190	5225
4191	1711
4193	3062
4194	2405
4194	10738
4199	3596
4199	4874
4205	11801
4206	3515
4206	12043
4208	6395
4208	9257
4211	6820
4211	8677
4213	2425
4213	7992
4217	12064
4221	7240
4221	7754
4224	1710
4233	171
4234	6105
4234	4081
4236	3233
4236	1669
4238	10419
4238	10189
4243	213
4243	1283
4246	7072
4248	8247
4250	2603
4250	8291
4262	8279
4262	10408
4263	7427
4265	9932
4267	4886
4267	5554
4268	9279
4274	7186
4274	6125
4275	8388
4275	1005
4280	7186
4280	6125
4282	6820
4282	8677
4288	2630
4293	8098
4303	303
4305	7240
4305	7754
4306	11972
4307	6504
4310	1318
4310	1047
4311	11919
4311	471
4312	2940
4312	7297
4316	1432
4316	7280
4320	10047
4320	7006
4329	8498
4331	277
4331	6756
4333	8388
4333	1005
4336	6575
4336	5967
4337	4620
4337	2848
4339	10352
4339	10511
4340	6383
4342	7663
4346	2379
4348	10947
4350	6477
4350	7468
4354	3855
4354	9638
4355	8266
4355	7394
4356	8047
4356	1572
4360	3363
4360	7621
4363	345
4363	2728
4366	10697
4367	953
4368	1102
4377	7783
4377	10822
4382	2043
4382	1049
4390	8428
4390	7220
4393	3202
4398	3846
4398	11662
4400	11157
4402	9920
4402	8645
4403	9041
4404	8397
4404	10563
4406	10264
4411	9509
4411	763
4413	7619
4413	5352
4417	3062
4420	1493
4421	6755
4421	8364
4425	3643
4425	9401
4426	4611
4426	11179
4430	5622
4430	3115
4439	8584
4439	11356
4441	11796
4444	1288
4447	9282
4447	10632
4448	3293
4451	2954
4452	57
4452	7406
4453	3682
4453	11935
4454	12072
4458	292
4458	5991
4459	567
4459	10195
4463	11711
4463	10599
4464	7154
4465	8432
4471	8129
4471	8839
4473	8441
4473	519
4481	7240
4481	7754
4482	579
4488	10720
4488	10214
4490	2418
4490	6251
4491	3363
4491	7621
4493	2150
4494	2661
4494	6407
4497	2547
4497	10546
4500	1996
4500	5166
4501	11615
4501	7958
4502	10550
4504	596
4504	6596
4510	7806
4510	11996
4511	5373
4513	12103
4514	140
4514	970
4516	3300
4516	4092
4517	2818
4517	4955
4519	300
4521	10138
4521	9459
4531	8197
4532	6445
4532	6386
4537	57
4537	7406
4540	12068
4544	8795
4544	6953
4546	3461
4546	5140
4557	7404
4559	1079
4559	4153
4563	11148
4563	2579
4568	7758
4570	2630
4572	6533
4572	3556
4574	10720
4574	10214
4576	239
4576	6872
4578	9623
4578	9821
4579	6176
4579	7198
4580	526
4580	10805
4582	11081
4582	721
4589	629
4589	7197
4590	4569
4590	8228
4592	2111
4592	11706
4593	9708
4593	2523
4594	9799
4594	5069
4600	7376
4605	8129
4605	8839
4607	11081
4607	721
4608	4661
4615	3403
4615	2180
4619	4832
4619	3073
4622	2073
4622	1086
4625	6397
4627	1739
4634	8226
4634	8559
4635	11296
4639	8190
4640	11598
4648	4126
4650	2966
4650	7201
4651	8441
4651	519
4653	12038
4653	2646
4656	1054
4656	6292
4662	1318
4662	1047
4664	6432
4664	9542
4666	7606
4672	1814
4672	3241
4673	10713
4674	9159
4674	4416
4675	8407
4675	10825
4678	242
4679	3121
4679	7835
4684	10018
4689	6905
4690	11081
4690	721
4691	3121
4691	7835
4694	1288
4698	3377
4698	4172
4705	7619
4705	5352
4706	1103
4711	8795
4711	6953
4713	4588
4714	178
4714	4923
4715	3150
4715	4759
4722	1984
4722	406
4723	4612
4724	178
4724	4923
4725	7120
4726	7376
4727	2285
4727	6906
4731	2727
4731	9701
4732	1719
4732	5725
4734	8441
4734	519
4739	3026
4741	1883
4741	216
4744	2541
4744	9802
4748	9704
4748	8634
4754	2109
4756	3062
4757	7173
4757	9233
4762	7153
4762	10347
4763	12067
4763	11607
4767	10713
4768	5115
4768	11961
4772	7052
4775	1103
4779	4569
4779	8228
4786	7072
4793	2736
4793	10211
4798	2043
4798	1049
4807	11976
4807	9645
4812	8964
4812	7985
4813	3515
4813	12043
4814	300
4815	8279
4815	10408
4818	7811
4818	4803
4819	57
4819	7406
4820	8266
4820	7394
4823	3322
4824	9708
4824	2523
4825	1178
4825	3477
4827	8031
4827	1020
4829	9677
4829	470
4840	9855
4841	4632
4841	308
4843	1509
4843	2610
4847	7607
4847	6836
4848	11999
4855	1814
4855	3241
4859	8901
4859	1907
4860	1409
4860	3979
4862	773
4862	1841
4871	2454
4871	8533
4873	11034
4873	6714
4881	11502
4882	8785
4882	9991
4883	12007
4883	8323
4888	7052
4893	9509
4893	763
4897	6138
4899	253
4899	9463
4900	4891
4900	5764
4902	2480
4902	9385
4906	11568
4907	661
4907	11693
4909	4908
4909	9005
4912	3164
4912	5721
4913	9146
4913	9838
4914	2379
4915	4652
4915	2014
4918	6181
4918	5048
4919	255
4919	7239
4920	551
4920	7640
4932	2401
4933	3691
4933	4986
4934	7811
4934	4803
4938	7319
4938	3334
4941	4677
4941	6267
4942	10483
4942	11540
4946	4808
4949	8584
4949	11356
4952	2726
4952	917
4953	2999
4953	11052
4954	1078
4954	12061
4957	6468
4957	3224
4958	6181
4958	5048
4959	8895
4959	6411
4960	9740
4960	1205
4962	3062
4963	7120
4964	1280
4971	7848
4971	8613
4973	11232
4975	11269
4977	1112
4977	6035
4981	3107
4981	8207
4985	8247
4987	3300
4987	4092
4989	7848
4989	8613
4990	806
4990	59
4994	7059
4994	2290
4995	3544
4995	7939
4996	2316
4996	4596
4997	6538
4997	10329
4998	699
4998	2790
5006	2611
5006	4633
5007	9704
5007	8634
5009	8031
5009	1020
5011	2150
5013	1280
5014	4620
5014	2848
5017	2779
5017	2367
5018	4180
5018	1899
5020	6983
5020	3553
5023	9159
5023	4416
5024	1102
5027	6138
5029	3352
5029	10512
5039	3107
5039	8207
5043	7848
5043	8613
5046	2547
5046	10546
5051	1318
5051	1047
5053	7520
5053	5423
5055	5115
5055	11961
5056	2401
5057	8388
5057	1005
5058	9708
5058	2523
5062	11365
5065	9965
5065	2575
5066	4854
5073	5576
5085	10857
5085	4128
5086	5754
5086	5190
5088	11148
5088	2579
5090	8156
5092	665
5094	8873
5094	404
5095	4512
5096	5804
5096	5617
5107	6297
5107	2693
5109	4034
5116	9472
5116	11218
5122	2736
5122	10211
5123	1879
5123	4658
5125	4652
5125	2014
5127	2121
5127	4424
5128	6820
5128	8677
5136	9809
5136	5183
5138	2228
5138	5828
5141	874
5141	922
5142	3460
5145	6951
5147	7665
5148	11862
5150	7325
5152	3143
5152	8452
5155	277
5155	6756
5162	2603
5162	8291
5163	7806
5163	11996
5168	3938
5168	3354
5170	4853
5170	8577
5180	874
5180	922
5181	2131
5181	5173
5184	874
5184	922
5185	3515
5185	12043
5187	7414
5198	6181
5198	5048
5201	11773
5201	4800
5202	8302
5203	1476
5210	3143
5210	8452
5213	8498
5216	11813
5220	7164
5233	11091
5233	4999
5237	9669
5240	2589
5242	661
5242	11693
5250	7186
5250	6125
5254	852
5254	9116
5255	9953
5255	3399
5256	7186
5256	6125
5257	797
5257	6791
5266	2043
5266	1049
5272	8017
5272	5892
5282	2319
5283	10264
5288	1280
5297	8901
5297	1907
5301	6450
5301	4011
5303	7848
5303	8613
5306	1298
5308	9612
5308	8392
5309	8229
5316	6983
5316	3553
5317	1321
5323	3709
5323	10833
5327	8034
5327	3704
5328	10807
5328	6907
5329	7404
5331	2131
5331	5173
5332	8388
5332	1005
5333	363
5337	2547
5337	10546
5341	9120
5342	4611
5342	11179
5343	6993
5343	9391
5344	10959
5353	10720
5353	10214
5354	7751
5354	4273
5355	2384
5357	9409
5357	237
5360	4588
5368	3377
5368	4172
5369	629
5369	7197
5370	7722
5370	2324
5371	6983
5371	3553
5379	6013
5379	1273
5382	6865
5383	11081
5383	721
5384	8397
5384	10563
5386	7810
5386	769
5391	6820
5391	8677
5393	8315
5393	605
5397	2073
5397	1086
5398	9895
5398	3216
5402	11829
5403	8873
5403	404
5408	11323
5408	7935
5409	2537
5409	11541
5410	7139
5410	6281
5412	1363
5412	9919
5413	9776
5413	9985
5416	829
5416	7841
5418	3540
5418	11842
5420	8017
5420	5892
5421	3611
5421	1197
5429	3202
5430	1078
5430	12061
5433	3233
5433	1669
5434	10027
5434	10019
5436	10132
5436	32
5437	7534
5437	4522
5438	3881
5438	10652
5443	5264
5443	3612
5448	3352
5448	10512
5450	8129
5450	8839
5452	2547
5452	10546
5454	8015
5454	6537
5457	5367
5457	3735
5458	6899
5458	7586
5462	7249
5463	5737
5463	6959
5465	9965
5465	2575
5468	11091
5468	4999
5470	9038
5470	1982
5474	7139
5474	6281
5475	11365
5476	4657
5476	2989
5480	3283
5480	5235
5485	8584
5485	11356
5486	2609
5486	5129
5492	3300
5492	4092
5493	11373
5497	3540
5497	11842
5498	6922
5498	7913
5499	526
5499	10805
5510	3363
5510	7621
5511	7783
5511	10822
5512	8752
5512	4001
5513	9027
5513	5225
5514	3158
5514	8841
5517	8441
5517	519
5525	842
5525	5523
5526	3363
5526	7621
5533	4620
5533	2848
5536	9650
5536	12012
5539	4478
5539	1699
5540	5218
5541	10145
5545	4652
5545	2014
5546	7072
5547	6297
5547	2693
5549	4974
5551	2158
5561	1054
5561	6292
5565	4870
5569	6152
5569	7314
5574	2589
5575	10304
5575	8549
5579	6064
5580	8226
5580	8559
5581	7674
5583	1719
5583	5725
5584	7656
5584	68
5587	9509
5587	763
5592	5883
5592	6114
5595	6140
5596	8249
5596	11544
5600	4886
5600	5554
5601	8658
5604	5114
5604	10925
5605	9740
5605	1205
5609	379
5609	1262
5611	4344
5611	8778
5619	8388
5619	1005
5628	8432
5630	10844
5630	7847
5631	7760
5631	9512
5632	9041
5638	1321
5640	6094
5640	2535
5641	8432
5648	10951
5653	7722
5653	2324
5655	5139
5655	279
5656	3150
5656	4759
5659	3544
5659	7939
5660	292
5660	5991
5661	1915
5661	5997
5662	1422
5662	4492
5666	12007
5666	8323
5667	1996
5667	5166
5672	2603
5672	8291
5674	3363
5674	7621
5679	6105
5679	4081
5681	1192
5681	1179
5682	5737
5682	6959
5684	3411
5685	4087
5686	3363
5686	7621
5687	8129
5687	8839
5691	2676
5692	5139
5692	279
5693	11034
5693	6714
5694	2825
5694	236
5701	2874
5702	7786
5702	5460
5704	3596
5704	4874
5706	4526
5708	6468
5708	3224
5713	11796
5715	1915
5715	5997
5716	9704
5716	8634
5718	11401
5718	530
5719	46
5724	11711
5724	10599
5727	11365
5728	1420
5728	10876
5729	9674
5729	5710
5733	4602
5734	11679
5734	9304
5743	3322
5744	9643
5744	3746
5746	10131
5747	5739
5758	1719
5758	5725
5765	1321
5766	5770
5766	7593
5769	1114
5769	5082
5776	10815
5777	2966
5777	7201
5781	9779
5781	3159
5782	11401
5782	530
5785	7523
5785	7881
5791	1403
5792	10807
5792	6907
5797	2271
5802	8229
5806	9809
5806	5183
5811	4665
5811	7798
5812	11241
5812	5856
5816	6432
5816	9542
5817	10613
5817	3582
5819	1078
5819	12061
5821	9674
5821	5710
5822	10288
5822	8310
5827	10378
5830	1079
5830	4153
5834	10720
5834	10214
5837	3128
5840	2612
5840	8332
5842	1490
5842	5265
5847	4967
5847	9280
5848	7185
5848	10121
5849	5926
5850	8494
5852	3816
5853	4478
5853	1699
5862	11979
5863	3128
5877	4808
5878	4478
5878	1699
5879	8015
5879	6537
5895	4644
5907	12038
5907	2646
5908	4665
5908	7798
5914	38
5914	3323
5924	6684
5924	7550
5927	8407
5927	10825
5929	6013
5929	1273
5931	10448
5931	9317
5932	4835
5935	2736
5935	10211
5937	7797
5937	735
5939	578
5939	3014
5940	2966
5940	7201
5942	5770
5942	7593
5943	7037
5949	3544
5949	7939
5952	11679
5952	9304
5954	9677
5954	470
5958	4699
5958	11276
5961	8388
5961	1005
5963	2150
5964	6534
5965	11615
5965	7958
5968	5100
5968	7547
5969	11972
5973	1814
5973	3241
5978	9199
5978	6096
5980	8315
5980	605
5982	8337
5982	4646
5989	6063
5989	10840
5993	3105
5993	82
5995	7768
5998	297
5998	4302
6002	6418
6004	5115
6004	11961
6005	8428
6005	7220
6006	9146
6006	9838
6010	2966
6010	7201
6012	6905
6014	526
6014	10805
6015	579
6016	12044
6016	4729
6020	4611
6020	11179
6021	7768
6023	8589
6024	357
6024	9729
6026	9199
6026	6096
6027	6412
6027	9393
6028	6835
6029	2121
6029	4424
6033	1119
6033	5389
6034	9146
6034	9838
6036	1102
6037	118
6037	6942
6038	6899
6038	7586
6039	1119
6039	5389
6040	5796
6046	5675
6047	11133
6048	6477
6048	7468
6049	12011
6050	3928
6056	1170
6056	3473
6057	10844
6057	7847
6059	46
6061	1114
6061	5082
6062	8873
6062	404
6075	3691
6075	4986
6080	2940
6080	7297
6081	6094
6081	2535
6085	3304
6085	3706
6086	4661
6087	8229
6088	11484
6088	9141
6091	10908
6092	1285
6095	11020
6097	8498
6098	8997
6098	5042
6110	2111
6110	11706
6112	1027
6113	4344
6113	8778
6115	7722
6115	2324
6116	9623
6116	9821
6118	3515
6118	12043
6119	1719
6119	5725
6121	4908
6121	9005
6122	5669
6124	5117
6124	9861
6127	9055
6128	5206
6130	5891
6130	6834
6141	1070
6141	2794
6151	2716
6151	3806
6153	1915
6153	5997
6154	1836
6156	2121
6156	4424
6160	3881
6160	10652
6164	895
6164	42
6165	2121
6165	4424
6166	4611
6166	11179
6179	11133
6182	3515
6182	12043
6184	11945
6185	2474
6186	6647
6186	3734
6187	277
6187	6756
6194	7520
6194	5423
6196	5669
6200	2073
6200	1086
6202	6152
6202	7314
6213	2736
6213	10211
6215	9055
6216	118
6216	6942
6219	12044
6219	4729
6220	11054
6221	3143
6221	8452
6223	6880
6223	5453
6224	2611
6224	4633
6225	555
6225	7851
6228	5264
6228	3612
6231	3544
6231	7939
6232	363
6233	7186
6233	6125
6238	239
6238	6872
6239	6955
6240	5576
6245	8816
6245	768
6246	11799
6246	9413
6247	2983
6250	5139
6250	279
6258	2073
6258	1086
6261	5576
6262	1755
6262	7816
6263	6155
6264	4854
6266	2228
6266	5828
6279	6504
6284	425
6286	2418
6286	6251
6287	8279
6287	10408
6296	357
6296	9729
6310	4431
6312	1420
6312	10876
6313	9515
6313	4567
6319	5139
6319	279
6321	7760
6321	9512
6322	10895
6322	6304
6323	11711
6323	10599
6330	56
6330	11119
6331	9920
6331	8645
6332	2109
6335	9810
6338	8798
6338	7069
6339	6108
6339	2600
6344	6993
6344	9391
6349	7794
6349	5045
6354	7908
6354	8217
6355	4410
6355	1457
6358	5804
6358	5617
6360	1178
6360	3477
6361	5405
6361	1703
6363	4677
6363	6267
6367	7908
6367	8217
6368	3403
6368	2180
6371	3093
6371	9380
6373	2384
6378	69
6379	8337
6379	4646
6380	7794
6380	5045
6381	3093
6381	9380
6384	178
6384	4923
6385	8177
6385	743
6388	2098
6388	4549
6393	5643
6396	6063
6396	10840
6399	9022
6399	10326
6403	8832
6403	8794
6413	6533
6413	3556
6422	979
6423	11796
6425	11137
6426	1755
6426	7816
6429	7783
6429	10822
6431	11919
6431	471
6434	1318
6434	1047
6437	9799
6437	5069
6442	522
6442	10163
6446	10027
6446	10019
6447	7751
6447	4273
6448	9650
6448	12012
6452	1206
6452	3781
6453	2547
6453	10546
6455	6078
6459	1095
6459	9562
6460	4431
6461	8345
6462	12026
6462	1727
6463	4257
6463	11198
6470	3461
6470	5140
6472	3062
6480	3762
6485	4048
6486	11133
6487	8664
6487	6282
6492	2727
6492	9701
6494	10381
6494	9760
6495	9159
6495	4416
6496	643
6497	6270
6497	3208
6499	1518
6499	10440
6506	7784
6508	7153
6508	10347
6511	9914
6511	5035
6520	1996
6520	5166
6521	7506
6523	69
6525	11979
6529	621
6529	2421
6535	7164
6539	11240
6541	11041
6542	8319
6543	6622
6544	842
6544	5523
6548	8918
6554	5099
6554	11586
6556	11692
6557	2073
6557	1086
6560	514
6560	9261
6563	6983
6563	3553
6565	9264
6574	11824
6578	9472
6578	11218
6579	9704
6579	8634
6580	9231
6580	10417
6581	4730
6582	5945
6588	8957
6589	11071
6591	3403
6591	2180
6594	7185
6594	10121
6595	11608
6599	5405
6599	1703
6603	1420
6603	10876
6604	10401
6604	9949
6611	11919
6611	471
6612	4611
6612	11179
6613	8730
6613	5439
6618	8197
6623	7523
6623	7881
6625	6326
6629	3461
6629	5140
6630	178
6630	4923
6631	11148
6631	2579
6632	11325
6632	5654
6634	1509
6634	2610
6636	3855
6636	9638
6639	8766
6640	3150
6640	4759
6642	6905
6643	6696
6645	7607
6645	6836
6656	4048
6657	9231
6657	10417
6661	773
6661	1841
6667	2480
6667	9385
6669	7129
6670	596
6670	6596
6671	4569
6671	8228
6676	2779
6676	2367
6680	874
6680	922
6686	8315
6686	605
6687	10844
6687	7847
6688	8957
6689	4135
6689	1217
6690	6750
6690	2465
6694	8249
6694	11544
6697	7797
6697	735
6700	8266
6700	7394
6701	7193
6711	1689
6712	1073
6712	10104
6713	9027
6713	5225
6715	1490
6715	5265
6717	6621
6717	11518
6719	11034
6719	6714
6721	2316
6721	4596
6723	6085
6727	1509
6727	2610
6731	3846
6731	11662
6733	5926
6735	3128
6740	11723
6744	277
6744	6756
6748	140
6748	970
6751	3377
6751	4172
6758	9878
6759	11148
6759	2579
6761	2661
6761	6407
6763	10786
6763	8635
6765	3233
6765	1669
6767	8153
6767	7919
6769	8034
6769	3704
6770	6865
6771	5804
6771	5617
6773	10749
6773	10234
6774	10223
6775	8994
6775	8515
6778	5669
6779	6397
6783	3339
6790	12026
6790	1727
6795	8129
6795	8839
6802	253
6802	9463
6803	7665
6809	2405
6809	10738
6810	3150
6810	4759
6815	9799
6815	5069
6821	6750
6821	2465
6822	621
6822	2421
6823	6533
6823	3556
6830	10809
6830	7721
6838	10198
6840	11595
6841	9856
6841	11777
6842	1996
6842	5166
6845	2405
6845	10738
6847	253
6847	9463
6849	3410
6849	9673
6852	3627
6852	417
6855	12038
6855	2646
6856	953
6859	1095
6859	9562
6861	3071
6866	3300
6866	4092
6868	8378
6871	1206
6871	3781
6873	2405
6873	10738
6876	6064
6877	3084
6877	10640
6879	9856
6879	11777
6884	8428
6884	7220
6885	3403
6885	2180
6892	10791
6893	8873
6893	404
6894	5688
6894	10053
6895	8584
6895	11356
6900	10492
6900	7206
6904	10522
6908	10304
6908	8549
6910	2765
6910	2406
6914	2121
6914	4424
6915	5427
6915	9226
6916	10483
6916	11540
6917	3916
6917	8718
6920	1923
6920	3650
6926	7523
6926	7881
6928	9809
6928	5183
6930	7616
6930	673
6934	6931
6934	10445
6935	2697
6936	10613
6936	3582
6937	4569
6937	8228
6941	3403
6941	2180
6943	10844
6943	7847
6947	7616
6947	673
6952	6152
6952	7314
6960	9099
6960	7095
6962	2405
6962	10738
6966	4853
6966	8577
6972	11025
6973	9677
6973	470
6976	4034
6978	11799
6978	9413
6982	6683
6982	4618
6985	6226
6990	7810
6990	769
6995	4652
6995	2014
6996	4611
6996	11179
6999	8006
7001	11484
7001	9141
7002	6913
7007	10600
7015	2995
7015	7347
7019	1929
7022	1236
7022	1718
7024	4894
7028	2874
7029	1103
7030	12011
7033	4344
7033	8778
7034	9779
7034	3159
7035	345
7035	2728
7038	7265
7038	7268
7039	4344
7039	8778
7040	3020
7040	8509
7043	2552
7045	10131
7046	12102
7048	7520
7048	5423
7050	4908
7050	9005
7051	57
7051	7406
7055	11679
7055	9304
7057	10806
7057	6514
7058	6211
7062	6576
7062	10614
7070	11323
7070	7935
7071	345
7071	2728
7076	1518
7076	10440
7084	1192
7084	1179
7085	2131
7085	5173
7086	3255
7086	10025
7092	5177
7092	10269
7093	1923
7093	3650
7097	9650
7097	12012
7098	2185
7098	414
7099	4677
7099	6267
7102	952
7104	2661
7104	6407
7122	11251
7122	11939
7123	1095
7123	9562
7124	8129
7124	8839
7127	2404
7132	7674
7133	1929
7134	9953
7134	3399
7135	9159
7135	4416
7137	8129
7137	8839
7143	7784
7144	3233
7144	1669
7148	2736
7148	10211
7152	10596
7155	7319
7155	3334
7156	6450
7156	4011
7159	6835
7160	8043
7161	357
7161	9729
7170	4410
7170	1457
7172	11484
7172	9141
7175	3799
7177	1518
7177	10440
7179	3544
7179	7939
7180	7762
7180	8223
7184	8432
7192	178
7192	4923
7194	5117
7194	9861
7195	11148
7195	2579
7210	3643
7210	9401
7211	2547
7211	10546
7212	8964
7212	7985
7218	1929
7223	2115
7223	9429
7229	551
7229	7640
7232	1739
7235	5405
7235	1703
7243	10392
7245	4891
7245	5764
7253	5804
7253	5617
7254	3460
7255	10492
7255	7206
7259	6445
7259	6386
7260	6105
7260	4081
7261	7288
7262	8153
7262	7919
7264	10064
7264	5314
7267	8798
7267	7069
7270	665
7271	11976
7271	9645
7272	6899
7272	7586
7274	8280
7274	1128
7275	7722
7275	2324
7282	9231
7282	10417
7283	9796
7283	4917
7284	2115
7284	9429
7291	8633
7292	4652
7292	2014
7295	11773
7295	4800
7301	4974
7304	1799
7304	6353
7305	4974
7307	6412
7307	9393
7308	8957
7316	4808
7317	9422
7321	643
7322	7751
7322	4273
7329	6931
7329	10445
7331	11801
7335	8832
7335	8794
7337	4699
7337	11276
7340	2109
7342	4835
7343	6983
7343	3553
7348	6787
7350	3410
7350	9673
7352	3515
7352	12043
7360	11608
7361	425
7363	9231
7363	10417
7364	6684
7364	7550
7365	9940
7365	7752
7369	567
7369	10195
7371	11020
7373	2071
7374	3938
7374	3354
7378	253
7378	9463
7382	1258
7385	10145
7388	3363
7388	7621
7389	5373
7392	8664
7392	6282
7399	7674
7403	3090
7409	1363
7409	9919
7410	11598
7413	5571
7415	2540
7416	9776
7416	9985
7419	514
7419	9261
7421	10288
7421	8310
7423	9515
7423	4567
7425	8873
7425	404
7426	11155
7430	8573
7430	11205
7435	1984
7435	406
7436	6418
7438	11606
7439	3283
7439	5235
7441	9779
7441	3159
7444	8895
7444	6411
7448	5770
7448	7593
7449	11036
7449	3277
7462	6198
7462	11731
7464	8955
7464	8012
7472	522
7472	10163
7475	11665
7480	2999
7480	11052
7485	9269
7488	3279
7489	8266
7489	7394
7493	8315
7493	605
7494	2961
7494	6458
7495	6755
7495	8364
7496	1879
7496	4658
7498	8129
7498	8839
7503	3233
7503	1669
7508	9708
7508	2523
7513	9965
7513	2575
7514	11796
7516	4058
7516	3017
7517	7074
7517	4392
7519	8031
7519	1020
7521	3846
7521	11662
7527	11919
7527	471
7529	12076
7532	9773
7533	10145
7535	8441
7535	519
7538	8567
7539	7186
7539	6125
7540	5571
7541	6383
7542	6397
7543	9856
7543	11777
7548	11379
7548	4506
7549	10419
7549	10189
7551	5891
7551	6834
7554	3916
7554	8718
7557	2911
7557	1800
7560	319
7560	3830
7562	746
7562	3343
7566	1178
7566	3477
7567	5591
7575	551
7575	7640
7585	1403
7587	8047
7587	1572
7589	11919
7589	471
7591	10093
7591	5269
7594	57
7594	7406
7602	8494
7605	6880
7605	5453
7610	6051
7612	5622
7612	3115
7613	6696
7618	140
7618	970
7631	7657
7631	8743
7633	1861
7636	7106
7636	10754
7637	7129
7645	8832
7645	8794
7646	829
7646	7841
7650	4652
7650	2014
7651	4478
7651	1699
7652	3377
7652	4172
7653	2537
7653	11541
7660	11269
7667	2603
7667	8291
7669	10757
7671	4868
7672	1879
7672	4658
7673	4512
7675	9524
7676	11723
7679	1258
7684	4126
7687	253
7687	9463
7691	4264
7693	551
7693	7640
7694	8345
7695	12072
7696	11919
7696	471
7697	6397
7710	6993
7710	9391
7712	5960
7712	9403
7713	6477
7713	7468
7715	9920
7715	8645
7716	551
7716	7640
7718	1929
7724	7768
7727	4548
7735	3691
7735	4986
7737	1682
7737	11820
7741	1298
7742	10223
7743	10047
7743	7006
7745	1078
7745	12061
7753	11492
7753	9617
7755	10061
7756	3352
7756	10512
7761	3304
7761	3706
7766	11232
7771	9674
7771	5710
7774	1490
7774	5265
7778	10352
7778	10511
7779	2285
7779	6906
7781	6211
7782	1509
7782	2610
7791	9799
7791	5069
7793	217
7793	214
7795	6222
7800	9932
7803	3143
7803	8452
7804	2529
7804	459
7807	6664
7807	9707
7808	2474
7812	7523
7812	7881
7814	9472
7814	11218
7815	7786
7815	5460
7818	4142
7820	2073
7820	1086
7822	4868
7823	2379
7824	7265
7824	7268
7825	7240
7825	7754
7826	2225
7826	6302
7828	2612
7828	8332
7830	3164
7830	5721
7832	292
7832	5991
7838	656
7839	166
7839	4064
7845	5100
7845	7547
7846	6835
7849	11137
7854	4832
7854	3073
7856	11338
7856	7787
7857	10596
7858	2727
7858	9701
7859	2612
7859	8332
7861	9612
7861	8392
7862	8574
7862	9954
7866	10483
7866	11540
7869	56
7869	11119
7873	3363
7873	7621
7874	8438
7874	2796
7875	1420
7875	10876
7876	9451
7880	4802
7883	2401
7884	3870
7884	10339
7887	6850
7890	6820
7890	8677
7892	3105
7892	82
7894	9099
7894	7095
7895	699
7895	2790
7896	8494
7899	7776
7903	11484
7903	9141
7904	3084
7904	10640
7907	12072
7912	8276
7916	2540
7922	6432
7922	9542
7923	5052
7925	2177
7927	3691
7927	4986
7930	277
7930	6756
7941	8498
7946	1682
7946	11820
7947	7811
7947	4803
7950	56
7950	11119
7951	2485
7951	6123
7955	7606
7956	2228
7956	5828
7963	12026
7963	1727
7971	2540
7973	8798
7973	7069
7978	8895
7978	6411
7979	8015
7979	6537
7981	2418
7981	6251
7982	7240
7982	7754
7984	9409
7984	237
7986	11823
7988	1027
7990	3020
7990	8509
7991	7193
7994	6270
7994	3208
7995	11502
7999	9669
8007	4009
8007	2518
8010	5796
8011	1293
8013	9895
8013	3216
8020	2425
8020	7992
8028	11528
8028	6306
8029	1509
8029	2610
8039	2384
8042	2451
8042	10963
8045	9940
8045	7752
8049	3339
8050	1073
8050	10104
8051	6051
8052	11606
8053	4009
8053	2518
8054	3461
8054	5140
8057	703
8061	5923
8061	1897
8062	1432
8062	7280
8070	9776
8070	9985
8071	2974
8073	2319
8080	10027
8080	10019
8084	11979
8086	7185
8086	10121
8087	767
8089	297
8089	4302
8095	9810
8096	6755
8096	8364
8099	12068
8100	1929
8101	2071
8103	2630
8109	3
8110	9643
8110	3746
8115	10381
8115	9760
8116	9728
8116	6956
8117	8015
8117	6537
8119	3116
8120	6181
8120	5048
8122	9612
8122	8392
8125	4993
8125	693
8126	2043
8126	1049
8127	4526
8128	8226
8128	8559
8138	5100
8138	7547
8139	5883
8139	6114
8142	7810
8142	769
8148	9914
8148	5035
8149	9231
8149	10417
8154	8337
8154	4646
8158	6383
8168	6622
8169	3762
8170	1836
8172	11034
8172	6714
8173	7479
8179	9799
8179	5069
8182	6524
8183	3846
8183	11662
8185	11323
8185	7935
8186	3363
8186	7621
8189	4401
8191	4764
8192	2995
8192	7347
8195	4699
8195	11276
8196	2529
8196	459
8202	7794
8202	5045
8204	1178
8204	3477
8206	9352
8209	11187
8212	8256
8213	9352
8214	7558
8215	292
8215	5991
8216	979
8220	1285
8225	1518
8225	10440
8227	345
8227	2728
8230	4870
8232	1682
8232	11820
8235	2425
8235	7992
8243	6666
8243	11581
8246	2691
8246	2040
8248	1318
8248	1047
8252	6951
8257	7404
8259	3561
8261	7288
8262	8201
8262	10733
8263	2405
8263	10738
8264	11692
8267	2589
8268	555
8268	7851
8270	11824
8275	629
8275	7197
8278	5796
8282	446
8284	10224
8284	3139
8285	10749
8285	10234
8289	5407
8289	4717
8290	3300
8290	4092
8294	8276
8297	480
8299	10522
8300	1363
8300	9919
8301	953
8303	555
8303	7851
8304	11459
8308	10483
8308	11540
8309	2966
8309	7201
8312	1719
8312	5725
8314	6533
8314	3556
8321	12064
8324	11155
8328	5052
8329	1318
8329	1047
8330	3091
8330	1756
8340	11148
8340	2579
8344	4279
8346	6739
8352	6155
8353	10613
8353	3582
8356	7796
8356	3943
8358	6272
8358	11048
8359	8388
8359	1005
8365	7506
8366	4967
8366	9280
8369	3540
8369	11842
8371	7848
8371	8613
8373	2405
8373	10738
8374	9612
8374	8392
8376	3975
8376	8680
8380	4632
8380	308
8381	661
8381	11693
8382	9132
8382	10457
8385	6272
8385	11048
8395	641
8395	4852
8396	2609
8396	5129
8398	3870
8398	10339
8399	9845
8402	8231
8406	3020
8406	8509
8412	9669
8414	4611
8414	11179
8417	11615
8417	7958
8418	171
8419	1318
8419	1047
8423	1192
8423	1179
8426	11919
8426	471
8427	1814
8427	3241
8434	5115
8434	11961
8437	7783
8437	10822
8439	9041
8454	3300
8454	4092
8457	9674
8457	5710
8459	5248
8460	5407
8460	4717
8464	6524
8466	1490
8466	5265
8467	8337
8467	4646
8468	251
8468	3135
8469	3604
8471	4764
8473	9146
8473	9838
8476	6899
8476	7586
8479	10613
8479	3582
8481	2603
8481	8291
8484	1739
8488	746
8488	3343
8489	3107
8489	8207
8495	10401
8495	9949
8496	2911
8496	1800
8500	6181
8500	5048
8501	6326
8507	9674
8507	5710
8508	6226
8510	9856
8510	11777
8511	6899
8511	7586
8513	10198
8516	10239
8516	9129
8519	4853
8519	8577
8521	492
8526	9895
8526	3216
8529	874
8529	922
8536	4677
8536	6267
8538	4908
8538	9005
8542	12044
8542	4729
8543	7722
8543	2324
8545	9146
8545	9838
8547	8574
8547	9954
8548	268
8551	9643
8551	3746
8554	9845
8556	8247
8561	6987
8562	7558
8568	2897
8568	2146
8569	6683
8569	4618
8571	6412
8571	9393
8575	5367
8575	3735
8582	11071
8586	6270
8586	3208
8587	10449
8590	6383
8591	8438
8591	2796
8593	7797
8593	735
8595	12007
8595	8323
8596	6533
8596	3556
8599	6538
8599	10329
8600	8280
8600	1128
8603	7674
8604	8279
8604	10408
8605	6696
8606	2121
8606	4424
8607	11711
8607	10599
8610	9159
8610	4416
8618	5945
8621	10131
8622	8197
8626	5115
8626	11961
8628	6108
8628	2600
8629	1814
8629	3241
8637	433
8637	1162
8638	3540
8638	11842
8639	11801
8641	2322
8641	921
8642	3283
8642	5235
8644	8153
8644	7919
8649	8964
8649	7985
8650	2425
8650	7992
8652	6272
8652	11048
8653	2609
8653	5129
8655	3611
8655	1197
8656	6993
8656	9391
8659	5405
8659	1703
8661	12102
8663	9932
8667	1420
8667	10876
8669	8006
8670	3461
8670	5140
8673	492
8675	6844
8678	1119
8678	5389
8679	401
8679	11341
8681	3403
8681	2180
8683	3255
8683	10025
8685	2451
8685	10963
8686	6094
8686	2535
8696	4993
8696	693
8697	7319
8697	3334
8708	357
8708	9729
8710	8266
8710	7394
8713	2966
8713	7201
8714	9677
8714	470
8715	3377
8715	4172
8727	10720
8727	10214
8729	9271
8729	10277
8735	9159
8735	4416
8737	7106
8737	10754
8738	2131
8738	5173
8739	7619
8739	5352
8744	2480
8744	9385
8745	1490
8745	5265
8747	8428
8747	7220
8748	2612
8748	8332
8749	6659
8756	8280
8756	1128
8758	9341
8760	8266
8760	7394
8762	9420
8762	1785
8763	319
8763	3830
8768	522
8768	10163
8770	11595
8772	4034
8776	9623
8776	9821
8787	6314
8787	4503
8789	10959
8791	178
8791	4923
8797	7616
8797	673
8803	4087
8805	2974
8806	5754
8806	5190
8812	6432
8812	9542
8813	1929
8823	6013
8823	1273
8825	8043
8826	6622
8827	10378
8831	2225
8831	6302
8845	2019
8850	1518
8850	10440
8851	3400
8859	1363
8859	9919
8860	3627
8860	417
8861	11723
8864	4868
8868	5571
8869	2319
8871	6844
8872	4196
8872	9060
8874	11054
8876	1044
8876	5307
8881	57
8881	7406
8886	57
8886	7406
8889	5960
8889	9403
8892	3611
8892	1197
8896	11665
8904	11484
8904	9141
8906	6450
8906	4011
8909	6063
8909	10840
8915	6226
8916	8226
8916	8559
8919	2158
8924	3544
8924	7939
8925	10483
8925	11540
8927	10720
8927	10214
8928	1119
8928	5389
8930	11137
8932	8498
8934	9120
8935	6445
8935	6386
8939	4135
8939	1217
8942	797
8942	6791
8943	11464
8946	4196
8946	9060
8953	6609
8953	6619
8959	2529
8959	459
8960	2661
8960	6407
8968	10027
8968	10019
8970	3975
8970	8680
8973	7665
8976	11999
8977	6913
8980	5139
8980	279
8982	11823
8984	8428
8984	7220
8985	6013
8985	1273
8986	492
8987	3611
8987	1197
8988	11036
8988	3277
8995	11241
8995	5856
8999	8015
8999	6537
9003	10786
9003	8635
9008	5099
9008	11586
9009	166
9009	4064
9013	10697
9014	9559
9014	3653
9020	2874
9021	2043
9021	1049
9024	746
9024	3343
9026	5591
9028	3916
9028	8718
9030	2954
9031	4699
9031	11276
9032	10401
9032	9949
9035	7722
9035	2324
9036	7811
9036	4803
9039	7926
9039	781
9042	8319
9043	4910
9045	5228
9045	2758
9050	7186
9050	6125
9052	4868
9053	8438
9053	2796
9057	7794
9057	5045
9058	7796
9058	3943
9066	7186
9066	6125
9070	8567
9071	10224
9071	3139
9073	6987
9076	1432
9076	7280
9077	9704
9077	8634
9079	2322
9079	921
9084	5367
9084	3735
9085	1403
9087	2480
9087	9385
9088	843
9089	11036
9089	3277
9091	401
9091	11341
9094	11401
9094	530
9097	2911
9097	1800
9100	1054
9100	6292
9101	7783
9101	10822
9102	522
9102	10163
9103	4868
9105	6683
9105	4618
9107	4886
9107	5554
9108	7286
9111	4257
9111	11198
9112	9027
9112	5225
9115	4870
9117	7817
9117	8244
9119	11054
9122	9624
9124	10713
9128	9055
9130	9799
9130	5069
9131	2540
9134	2779
9134	2367
9137	5625
9137	12047
9138	255
9138	7239
9139	8388
9139	1005
9147	3300
9147	4092
9148	11091
9148	4999
9153	9264
9154	9920
9154	8645
9155	6064
9156	874
9156	922
9157	9120
9162	3709
9162	10833
9166	345
9166	2728
9167	3339
9168	3164
9168	5721
9171	4612
9174	6931
9174	10445
9175	2547
9175	10546
9176	4142
9179	1476
9181	6445
9181	6386
9183	10018
9185	8201
9185	10733
9186	4196
9186	9060
9192	8279
9192	10408
9193	3411
9194	2485
9194	6123
9195	11251
9195	11939
9200	6533
9200	3556
9201	9855
9204	12038
9204	2646
9207	7240
9207	7754
9208	8397
9208	10563
9217	6820
9217	8677
9218	9159
9218	4416
9219	5052
9221	10434
9221	5399
9224	8816
9224	768
9225	9420
9225	1785
9228	7139
9228	6281
9236	1280
9238	56
9238	11119
9239	2974
9240	8017
9240	5892
9241	2425
9241	7992
9243	7797
9243	735
9248	1984
9248	406
9251	8226
9251	8559
9252	6983
9252	3553
9253	4886
9253	5554
9255	6412
9255	9393
9256	9669
9258	8873
9258	404
9263	4588
9275	2999
9275	11052
9276	10431
9276	1431
9283	255
9283	7239
9285	1432
9285	7280
9286	242
9288	6414
9289	11323
9289	7935
9290	4126
9298	3107
9298	8207
9299	4886
9299	5554
9302	773
9302	1841
9307	3164
9307	5721
9312	213
9312	1283
9324	5114
9324	10925
9327	10844
9327	7847
9330	8266
9330	7394
9333	10550
9342	1118
9342	1586
9355	10895
9355	6304
9360	11054
9365	10093
9365	5269
9369	8129
9369	8839
9373	4299
9373	10728
9374	6414
9375	7059
9375	2290
9377	6666
9377	11581
9379	6297
9379	2693
9386	9080
9386	2413
9388	12103
9389	8438
9389	2796
9390	4569
9390	8228
9394	4620
9394	2848
9397	4135
9397	1217
9399	9796
9399	4917
9405	3461
9405	5140
9407	3461
9407	5140
9408	10966
9408	4872
9410	2874
9414	11799
9414	9413
9418	2529
9418	459
9424	10138
9424	9459
9428	1420
9428	10876
9430	2630
9431	7185
9431	10121
9436	3300
9436	4092
9438	4009
9438	2518
9440	4423
9442	1836
9443	433
9443	1162
9444	699
9444	2790
9445	4507
9445	7720
9446	433
9446	1162
9447	4034
9449	2661
9449	6407
9455	6383
9456	11316
9456	752
9458	8015
9458	6537
9467	829
9467	7841
9469	297
9469	4302
9470	2874
9474	665
9475	6664
9475	9707
9477	2611
9477	4633
9478	9159
9478	4416
9481	829
9481	7841
9485	9920
9485	8645
9486	5923
9486	1897
9490	11568
9494	4644
9495	8156
9501	10403
9502	3143
9502	8452
9503	6921
9511	11711
9511	10599
9520	10403
9527	7249
9529	4943
9530	6820
9530	8677
9535	2699
9535	2960
9536	8226
9536	8559
9540	9409
9540	237
9545	7616
9545	673
9548	3107
9548	8207
9549	9740
9549	1205
9552	10448
9552	9317
9554	555
9554	7851
9557	303
9560	1984
9560	406
9561	4611
9561	11179
9564	3846
9564	11662
9565	1879
9565	4658
9566	7240
9566	7754
9568	1119
9568	5389
9571	2995
9571	7347
9573	5026
9575	5712
9584	4566
9584	9037
9585	2609
9585	5129
9594	9796
9594	4917
9596	11799
9596	9413
9597	11824
9600	140
9600	970
9601	6750
9601	2465
9604	11036
9604	3277
9607	2609
9607	5129
9609	56
9609	11119
9610	9055
9614	10515
9615	5178
9618	4344
9618	8778
9619	522
9619	10163
9620	4279
9621	176
9621	10178
9627	6633
9628	11035
9628	3294
9646	6078
9649	3158
9649	8841
9653	2589
9654	3020
9654	8509
9655	9779
9655	3159
9656	3611
9656	1197
9659	5026
9660	1095
9660	9562
9661	4853
9661	8577
9664	4344
9664	8778
9667	3799
9668	6851
9668	10978
9670	2691
9670	2040
9671	484
9672	5754
9672	5190
9678	2954
9679	9895
9679	3216
9680	11267
9680	3053
9682	806
9682	59
9683	10809
9683	7721
9687	2541
9687	9802
9689	11679
9689	9304
9694	1403
9695	4750
9696	6226
9703	8256
9710	10061
9711	2115
9711	9429
9717	7817
9717	8244
9720	5739
9724	7193
9725	7616
9725	673
9731	4699
9731	11276
9736	7915
9736	4456
9738	3283
9738	5235
9739	5099
9739	11586
9742	9271
9742	10277
9744	7776
9745	9146
9745	9838
9746	5960
9746	9403
9747	6108
9747	2600
9753	11212
9754	11034
9754	6714
9756	9271
9756	10277
9758	401
9758	11341
9759	8201
9759	10733
9764	2911
9764	1800
9767	8664
9767	6282
9770	5883
9770	6114
9771	7288
9775	9855
9780	9940
9780	7752
9781	3762
9782	6152
9782	7314
9784	3020
9784	8509
9793	5114
9793	10925
9798	9339
9800	10100
9801	1710
9803	641
9803	4852
9811	5117
9811	9861
9813	3544
9813	7939
9820	7784
9822	9666
9822	1098
9824	4886
9824	5554
9826	1119
9826	5389
9830	118
9830	6942
9831	526
9831	10805
9833	4699
9833	11276
9834	10401
9834	9949
9836	3026
9837	8574
9837	9954
9839	6913
9840	3020
9840	8509
9841	9515
9841	4567
9844	1955
9844	8879
9852	10304
9852	8549
9854	8438
9854	2796
9860	773
9860	1841
9867	2727
9867	9701
9868	1755
9868	7816
9869	2727
9869	9701
9873	8428
9873	7220
9884	4886
9884	5554
9887	3846
9887	11662
9888	7427
9889	10434
9889	5399
9890	5259
9890	10109
9894	269
9897	9472
9897	11218
9898	9027
9898	5225
9900	11823
9903	6383
9905	1432
9905	7280
9911	10264
9916	3377
9916	4172
9923	7811
9923	4803
9930	11598
9935	10100
9936	8901
9936	1907
9937	7139
9937	6281
9938	3
9939	9559
9939	3653
9941	11081
9941	721
9942	3164
9942	5721
9944	3515
9944	12043
9945	4225
9947	11148
9947	2579
9951	10895
9951	6304
9957	10515
9961	10419
9961	10189
9964	2726
9964	917
9966	5712
9971	8229
9972	2131
9972	5173
9975	230
9975	6424
9978	242
9982	3071
9987	5888
9987	4222
9988	8658
9990	5099
9990	11586
9995	9704
9995	8634
9998	5688
9998	10053
10000	3799
10004	5115
10004	11961
10005	6270
10005	3208
10006	2966
10006	7201
10010	5052
10013	1996
10013	5166
10017	5923
10017	1897
10020	140
10020	970
10023	895
10023	42
10032	10027
10032	10019
10039	3611
10039	1197
10042	8798
10042	7069
10048	1711
10049	621
10049	2421
10051	7784
10055	1509
10055	2610
10063	3410
10063	9673
10066	6198
10066	11731
10067	6666
10067	11581
10069	9231
10069	10417
10072	10352
10072	10511
10088	4569
10088	8228
10090	3279
10091	178
10091	4923
10103	4478
10103	1699
10106	3928
10108	5669
10111	4279
10112	171
10113	4478
10113	1699
10115	443
10116	8190
10117	5206
10119	4665
10119	7798
10120	8280
10120	1128
10130	8266
10130	7394
10134	401
10134	11341
10139	6094
10139	2535
10142	10100
10144	7786
10144	5460
10146	8428
10146	7220
10147	4943
10159	6260
10161	3825
10172	4279
10174	6272
10174	11048
10177	1409
10177	3979
10182	363
10183	2425
10183	7992
10188	443
10193	11972
10197	9022
10197	10326
10199	8816
10199	768
10200	6468
10200	3224
10206	6684
10206	7550
10207	9856
10207	11777
10213	1112
10213	6035
10219	4677
10219	6267
10222	4677
10222	6267
10226	1363
10226	9919
10228	10809
10228	7721
10230	11484
10230	9141
10236	6064
10237	1224
10237	324
10238	1518
10238	10440
10240	2911
10240	1800
10243	1814
10243	3241
10245	7106
10245	10754
10246	7806
10246	11996
10247	10908
10249	9855
10250	6787
10251	3643
10251	9401
10252	2537
10252	11541
10254	5888
10254	4222
10257	1342
10257	5598
10259	8031
10259	1020
10268	3020
10268	8509
10272	5367
10272	3735
10273	6533
10273	3556
10276	11591
10279	3855
10279	9638
10280	11528
10280	6306
10281	213
10281	1283
10284	7722
10284	2324
10287	9740
10287	1205
10290	11945
10291	11829
10296	9409
10296	237
10297	6987
10301	9855
10302	629
10302	7197
10308	171
10309	1711
10310	6647
10310	3734
10312	7185
10312	10121
10320	2322
10320	921
10321	2319
10324	2961
10324	6458
10325	4832
10325	3073
10333	6899
10333	7586
10334	526
10334	10805
10335	8047
10335	1572
10338	6684
10338	7550
10350	5739
10351	9515
10351	4567
10356	6666
10356	11581
10359	4908
10359	9005
10360	2589
10361	10288
10361	8310
10362	2131
10362	5173
10365	5591
10366	10264
10367	531
10368	11157
10369	2999
10369	11052
10370	4993
10370	693
10371	10244
10371	1754
10377	6395
10377	9257
10379	4478
10379	1699
10380	9146
10380	9838
10384	746
10384	3343
10385	2691
10385	2040
10389	8900
10390	6683
10390	4618
10393	2043
10393	1049
10396	9409
10396	237
10400	11338
10400	7787
10402	9740
10402	1205
10404	10844
10404	7847
10410	8279
10410	10408
10411	8177
10411	743
10421	4632
10421	308
10422	3158
10422	8841
10428	5264
10428	3612
10430	2736
10430	10211
10437	2961
10437	6458
10443	4620
10443	2848
10447	9612
10447	8392
10450	11799
10450	9413
10453	3143
10453	8452
10455	2825
10455	236
10459	9855
10461	2485
10461	6123
10467	10352
10467	10511
10470	7926
10470	781
10473	6683
10473	4618
10479	4196
10479	9060
10486	6270
10486	3208
10488	3799
10491	11799
10491	9413
10496	2281
10500	8795
10500	6953
10501	6750
10501	2465
10505	11061
10505	6001
10508	1432
10508	7280
10509	7810
10509	769
10516	9022
10516	10326
10520	8584
10520	11356
10521	10492
10521	7206
10526	3460
10528	3460
10530	3093
10530	9380
10531	268
10532	829
10532	7841
10537	11862
10538	11034
10538	6714
10540	4632
10540	308
10541	11679
10541	9304
10542	5218
10543	2541
10543	9802
10544	5259
10544	10109
10547	7186
10547	6125
10549	874
10549	922
10552	4620
10552	2848
10555	6314
10555	4503
10561	6270
10561	3208
10564	7463
10565	9159
10565	4416
10566	8895
10566	6411
10569	1321
10570	9120
10572	3611
10572	1197
10573	8992
10573	5120
10576	3020
10576	8509
10577	4632
10577	308
10578	6450
10578	4011
10581	6835
10586	6094
10586	2535
10591	11090
10591	12002
10597	9799
10597	5069
10602	8441
10602	519
10605	4967
10605	9280
10607	5804
10607	5617
10612	7784
10616	2158
10618	4853
10618	8577
10622	4886
10622	5554
10624	2699
10624	2960
10629	7722
10629	2324
10630	8388
10630	1005
10631	178
10631	4923
10636	178
10636	4923
10644	1044
10644	5307
10645	5178
10648	3544
10648	7939
10650	10131
10654	9624
10655	8752
10655	4001
10657	1420
10657	10876
10665	9395
10665	8505
10667	5367
10667	3735
10669	8229
10677	6880
10677	5453
10683	10100
10685	2847
10687	7700
10687	10477
10689	874
10689	922
10691	8438
10691	2796
10695	3293
10699	10093
10699	5269
10700	57
10700	7406
10703	9159
10703	4416
10706	699
10706	2790
10708	3150
10708	4759
10710	9612
10710	8392
10711	1984
10711	406
10714	11035
10714	3294
10717	5622
10717	3115
10719	11829
10723	4526
10724	12067
10724	11607
10729	9643
10729	3746
10732	4344
10732	8778
10734	6684
10734	7550
10735	7751
10735	4273
10740	345
10740	2728
10742	4891
10742	5764
10743	3611
10743	1197
10748	7848
10748	8613
10750	3846
10750	11662
10751	9269
10753	8730
10753	5439
10755	10807
10755	6907
10756	6922
10756	7913
10758	2284
10759	4569
10759	8228
10760	3870
10760	10339
10761	345
10761	2728
10766	9708
10766	2523
10767	57
10767	7406
10768	1235
10768	8331
10777	6576
10777	10614
10778	11155
10782	4108
10784	746
10784	3343
10787	9472
10787	11218
10789	6013
10789	1273
10797	10951
10801	4853
10801	8577
10802	8031
10802	1020
10808	5571
10810	6140
10814	6987
10816	8315
10816	605
10817	1682
10817	11820
10818	11919
10818	471
10821	4048
10827	3916
10827	8718
10828	3363
10828	7621
10831	2485
10831	6123
10835	10807
10835	6907
10838	6051
10842	10288
10842	8310
10846	443
10850	10947
10853	5099
10853	11586
10858	4620
10858	2848
10859	9515
10859	4567
10860	1285
10863	5902
10864	9856
10864	11777
10872	6445
10872	6386
10873	1719
10873	5725
10874	6571
10874	3493
10875	6755
10875	8364
10877	6820
10877	8677
10879	2541
10879	9802
10883	9650
10883	12012
10884	11296
10888	3461
10888	5140
10890	10244
10890	1754
10897	6850
10898	6880
10898	5453
10899	6260
10901	4665
10901	7798
10905	4677
10905	6267
10909	6094
10909	2535
10912	2766
10914	8573
10914	11205
10923	3540
10923	11842
10930	7506
10933	11945
10935	379
10935	1262
10936	7042
10937	3709
10937	10833
10939	4665
10939	7798
10940	118
10940	6942
10941	9776
10941	9985
10943	9472
10943	11218
10944	9669
10945	446
10948	579
10950	2603
10950	8291
10955	11138
10956	10278
10958	8410
10962	1883
10962	216
10964	12068
10968	2485
10968	6123
10972	6176
10972	7198
10977	9214
10977	4385
10979	4009
10979	2518
10981	4165
10981	5456
10985	8567
10986	9472
10986	11218
10988	7722
10988	2324
10989	2983
10990	3691
10990	4986
10992	11773
10992	4800
10995	269
10999	7185
10999	10121
11002	4832
11002	3073
11003	852
11003	9116
11004	773
11004	1841
11006	12075
11006	2123
11008	8397
11008	10563
11011	10403
11012	1772
11012	6708
11014	1078
11014	12061
11017	2779
11017	2367
11022	703
11033	7249
11037	3682
11037	11935
11043	11338
11043	7787
11047	9546
11055	1318
11055	1047
11057	4632
11057	308
11060	6297
11060	2693
11064	9704
11064	8634
11068	4730
11070	1755
11070	7816
11073	7700
11073	10477
11074	9038
11074	1982
11075	4632
11075	308
11076	7265
11076	7268
11077	4478
11077	1699
11082	4832
11082	3073
11086	11615
11086	7958
11087	10180
11087	6484
11092	2825
11092	236
11093	2541
11093	9802
11097	8573
11097	11205
11098	5052
11099	69
11107	12044
11107	4729
11111	7700
11111	10477
11118	3
11120	11379
11120	4506
11123	9515
11123	4567
11125	6094
11125	2535
11131	8177
11131	743
11134	3604
11135	9132
11135	10457
11139	3255
11139	10025
11141	4868
11154	4526
11156	443
11158	6609
11158	6619
11162	2285
11162	6906
11166	7506
11171	8407
11171	10825
11172	2439
11172	7217
11173	6397
11176	1318
11176	1047
11182	9038
11182	1982
11183	9940
11183	7752
11184	1739
11185	4854
11189	2529
11189	459
11190	269
11192	3540
11192	11842
11195	1102
11197	4135
11197	1217
11199	8730
11199	5439
11201	3105
11201	82
11203	2451
11203	10963
11206	4034
11207	4894
11210	6176
11210	7198
11211	5427
11211	9226
11213	10720
11213	10214
11215	11232
11217	10352
11217	10511
11219	6395
11219	9257
11222	9677
11222	470
11223	4665
11223	7798
11224	1493
11228	11251
11228	11939
11230	2766
11231	4677
11231	6267
11238	1518
11238	10440
11239	4344
11239	8778
11243	9451
11247	12064
11249	4644
11252	6666
11252	11581
11254	11711
11254	10599
11257	4058
11257	3017
11258	4344
11258	8778
11262	11606
11265	11976
11265	9645
11273	6326
11274	10021
11275	1236
11275	1718
11277	7762
11277	8223
11281	1363
11281	9919
11284	11568
11285	1148
11288	4929
11291	6051
11293	9643
11293	3746
11294	8226
11294	8559
11295	3627
11295	417
11299	9472
11299	11218
11303	9914
11303	5035
11306	4048
11308	11316
11308	752
11310	6030
11312	1114
11312	5082
11313	8047
11313	1572
11314	4108
11319	56
11319	11119
11329	6684
11329	7550
11331	551
11331	7640
11335	1178
11335	3477
11336	4478
11336	1699
11339	3515
11339	12043
11342	6696
11343	6664
11343	9707
11344	4657
11344	2989
11347	9669
11348	4344
11348	8778
11349	3283
11349	5235
11357	8997
11357	5042
11360	56
11360	11119
11363	7783
11363	10822
11367	1403
11371	4186
11376	10551
11380	3293
11381	255
11381	7239
11385	4108
11395	5117
11395	9861
11399	3825
11400	3571
11404	5760
11405	1879
11405	4658
11407	484
11409	6504
11411	2152
11412	3074
11413	2874
11415	11071
11416	4507
11416	7720
11417	3074
11423	6931
11423	10445
11426	2405
11426	10738
11429	806
11429	59
11431	9041
11433	10613
11433	3582
11437	1883
11437	216
11438	10575
11443	2676
11446	9027
11446	5225
11461	555
11461	7851
11468	7240
11468	7754
11470	9779
11470	3159
11479	3881
11479	10652
11480	5367
11480	3735
11482	5754
11482	5190
11483	1280
11485	9339
11487	4601
11488	829
11488	7841
11491	1318
11491	1047
11493	1112
11493	6035
11506	9708
11506	2523
11508	1729
11511	6432
11511	9542
11514	5608
11514	8842
11523	5891
11523	6834
11530	1879
11530	4658
11531	6739
11535	4548
11538	11316
11538	752
11539	4009
11539	2518
11545	9856
11545	11777
11546	7185
11546	10121
11549	8279
11549	10408
11556	11054
11571	2405
11571	10738
11572	1170
11572	3473
11573	656
11583	5923
11583	1897
11585	2552
11587	2454
11587	8533
11592	251
11592	3135
11603	6326
11610	12102
11611	3611
11611	1197
11617	6270
11617	3208
11618	2541
11618	9802
11619	2073
11619	1086
11622	4835
11626	5099
11626	11586
11627	621
11627	2421
11628	6105
11628	4081
11629	5367
11629	3735
11630	8895
11630	6411
11631	3515
11631	12043
11635	11513
11640	4135
11640	1217
11644	9776
11644	9985
11646	292
11646	5991
11649	9420
11649	1785
11653	345
11653	2728
11668	6094
11668	2535
11672	4699
11672	11276
11674	3363
11674	7621
11675	1689
11676	11034
11676	6714
11680	7794
11680	5045
11681	2897
11681	2146
11682	8983
11683	176
11683	10178
11686	9451
11689	7616
11689	673
11694	2603
11694	8291
11698	11081
11698	721
11703	379
11703	1262
11708	11091
11708	4999
11709	4967
11709	9280
11710	8302
11715	3360
11715	8361
11716	11148
11716	2579
11718	1153
11718	9095
11720	3116
11724	8994
11724	8515
11727	5737
11727	6959
11728	1236
11728	1718
11730	10806
11730	6514
11740	10132
11740	32
11743	10807
11743	6907
11744	5248
11747	1170
11747	3473
11750	8153
11750	7919
11755	8345
11758	8441
11758	519
11759	1119
11759	5389
11760	8231
11763	10551
11764	9878
11765	3
11769	7794
11769	5045
11772	239
11772	6872
11775	9231
11775	10417
11776	11071
11778	3816
11779	11414
11780	10448
11780	9317
11782	11323
11782	7935
11783	10515
11785	6383
11788	3644
11789	2699
11789	2960
11791	8388
11791	1005
11793	11862
11794	3143
11794	8452
11795	9877
11798	4886
11798	5554
11800	4808
11803	2150
11807	526
11807	10805
11810	7786
11810	5460
11813	8279
11813	10408
11815	2425
11815	7992
11816	3105
11816	82
11821	1363
11821	9919
11830	8153
11830	7919
11831	9878
11833	10021
11836	10791
11839	4135
11839	1217
11840	4849
11841	9472
11841	11218
11844	4620
11844	2848
11845	5902
11847	9809
11847	5183
11848	8388
11848	1005
11849	9779
11849	3159
11854	4929
11855	1224
11855	324
11856	6820
11856	8677
11857	514
11857	9261
11859	4699
11859	11276
11861	11251
11861	11939
11863	5099
11863	11586
11864	3916
11864	8718
11867	56
11867	11119
11869	11723
11871	4835
11873	11148
11873	2579
11875	2111
11875	11706
11876	11528
11876	6306
11878	7106
11878	10754
11881	9027
11881	5225
11883	11027
11890	1720
11896	8895
11896	6411
11897	7657
11897	8743
11898	2109
11901	8785
11901	9991
11907	1861
11908	7607
11908	6836
11909	4279
11913	10448
11913	9317
11914	4750
11915	4512
11917	2589
11921	11801
11923	2537
11923	11541
11924	1883
11924	216
11925	6138
11928	6621
11928	11518
11929	3020
11929	8509
11932	10061
11933	3855
11933	9638
11936	10131
11938	2779
11938	2367
11941	5960
11941	9403
11943	6412
11943	9393
11946	9099
11946	7095
11947	10908
11951	7185
11951	10121
11956	5427
11956	9226
11957	11723
11958	1112
11958	6035
11959	1208
11963	3363
11963	7621
11965	11041
11966	10844
11966	7847
11968	10064
11968	5314
11973	9612
11973	8392
11982	579
11983	69
11985	4652
11985	2014
11988	8785
11988	9991
11989	1026
11993	4632
11993	308
11997	12044
11997	4729
12001	4431
12013	9612
12013	8392
12014	555
12014	7851
12015	11081
12015	721
12016	9099
12016	7095
12017	9146
12017	9838
12021	9643
12021	3746
12022	8957
12023	10100
12024	9472
12024	11218
12025	12026
12025	1727
12027	9080
12027	2413
12032	9773
12033	9855
12034	5960
12034	9403
12036	1476
12037	3855
12037	9638
12039	12103
12041	4868
12045	3643
12045	9401
12046	1285
12048	11824
12049	5770
12049	7593
12053	4776
12053	1085
12058	11711
12058	10599
12060	4410
12060	1457
12062	6395
12062	9257
12063	1026
12070	5139
12070	279
12074	10403
12077	3090
12078	5099
12078	11586
12082	9341
12083	514
12083	9261
12087	2727
12087	9701
12088	852
12088	9116
12090	10131
12091	8873
12091	404
12094	3561
12095	2073
12095	1086
12098	10205
12098	9133
12100	531
12104	2485
12104	6123
12106	217
12106	214
