1	4531
1	8622
3	11118
3	11765
3	9938
4	6712
4	2016
4	8050
13	4514
13	1039
13	1981
13	10020
30	8045
30	3167
32	1846
32	2326
39	8434
39	10004
39	4768
39	8626
40	8760
40	7489
40	3096
40	169
40	6700
42	6164
42	10023
46	5719
46	1946
56	6330
56	11360
56	11319
56	9609
56	11867
57	10767
57	10700
57	3196
57	7051
57	4452
57	8881
57	4819
57	856
59	9682
59	1312
59	1790
69	11983
69	11099
69	6523
69	6378
82	3624
82	3520
82	11201
84	11343
84	4045
84	9475
86	11487
87	6434
87	11491
87	11055
87	11176
87	4310
87	8329
92	3632
92	4453
92	11037
102	10864
102	4116
102	7543
102	380
105	1399
105	9830
118	1399
118	9830
121	3732
126	11683
126	3931
126	9621
132	2466
132	653
132	6920
132	7093
133	2466
133	653
133	6920
133	7093
135	5937
135	9243
135	8593
140	4514
140	1039
140	1981
140	10020
147	11107
166	2694
166	9009
166	3345
171	4233
171	10308
176	11683
176	3931
176	9621
178	6384
178	10631
178	2427
178	3310
178	4714
178	10091
178	2943
178	6630
178	8791
178	10636
180	365
183	4447
185	2571
185	9764
185	671
185	8496
185	9097
185	10240
194	4494
194	8960
194	229
194	9449
206	2984
206	466
206	1801
206	2377
206	4510
213	4131
213	1766
216	11437
230	2867
230	3490
236	11092
236	5694
236	1407
236	10455
236	1378
237	9540
237	5357
237	10296
237	7984
238	1383
238	4576
238	3576
238	3488
238	985
238	11772
238	6238
239	1383
239	4576
239	3576
239	3488
239	985
239	11772
239	6238
241	7161
241	6024
242	4678
251	2170
253	4057
253	7687
253	7378
253	6802
255	1561
255	4919
255	9138
255	11381
266	2034
266	9134
266	6676
266	11938
268	8548
269	9894
277	7930
277	6744
277	702
278	4131
278	1766
279	3919
279	5655
279	8980
279	215
279	6319
279	5692
292	4458
292	11646
292	8215
292	7832
293	1855
293	4069
295	8399
300	4519
300	858
300	265
302	2391
302	4465
302	1506
302	5628
302	3330
303	3365
305	7046
305	8661
305	11610
308	3130
308	4841
308	11993
308	2544
314	12023
314	4137
314	10142
314	10683
314	9800
319	64
324	3686
324	3002
335	8904
335	7903
335	10230
335	7001
335	6088
335	3047
335	47
335	7172
338	1532
345	11653
345	3911
345	10740
345	8227
345	7071
345	10761
345	7035
356	6332
356	11898
356	4754
357	7161
357	6024
359	8628
359	1350
363	10182
368	7930
368	6744
368	702
379	11703
379	1351
379	5609
396	4977
396	2975
396	11958
396	1867
396	10213
401	1282
404	9258
404	6062
404	5094
404	12091
404	5403
404	7425
406	3731
406	51
406	10711
406	9560
406	7435
406	4722
413	9564
413	77
413	2703
413	2521
413	10750
413	8183
417	8860
417	11295
417	6852
425	883
425	837
433	9443
433	8637
433	2696
434	10616
434	8919
434	5551
437	8547
437	9837
438	1993
443	11156
446	10945
446	1464
450	5965
450	4501
450	452
450	1630
450	2655
450	8417
459	8959
459	2773
459	3814
459	11189
459	8196
459	9418
459	3492
470	8714
470	4829
470	5954
471	10818
471	8426
471	3043
471	2764
471	7589
471	3645
471	585
484	1584
484	9671
492	8521
495	1469
495	10591
497	8644
497	7262
497	11750
497	11830
509	1846
509	2326
518	3505
518	1925
519	4734
519	112
519	10602
519	11758
519	7535
522	2881
522	1215
522	6442
526	4580
526	3886
526	146
526	9831
526	1107
526	10334
526	11807
526	553
526	5499
530	5782
530	1615
530	9094
530	383
530	855
546	1021
551	1248
551	7716
551	7575
551	11331
555	11461
555	12014
555	8268
555	3945
555	1658
567	89
567	7369
568	3130
568	4841
568	11993
568	2544
574	8261
575	2055
578	5939
579	6015
579	10948
580	7048
583	10467
589	11840
590	2325
590	6936
590	8479
590	5817
590	8353
593	3824
593	2010
596	1398
596	2806
603	3849
603	4873
603	6719
603	2623
603	5693
605	6686
605	3278
606	1653
606	2447
606	11514
621	10049
635	5416
635	9467
635	7646
635	2171
635	966
637	5096
637	246
637	6358
641	9803
643	1359
652	2854
652	3204
656	7838
660	3671
661	5242
665	9474
673	8797
673	9545
673	1113
673	6947
673	6930
681	620
681	2287
686	685
686	11068
686	6581
693	8696
693	10370
693	1531
696	4494
696	8960
696	229
696	9449
699	1613
699	7895
699	9444
703	11022
703	8057
714	9443
714	8637
714	2696
721	9941
721	4690
721	909
721	1697
721	4122
721	4582
721	11698
725	2597
725	850
725	10437
725	2173
730	6360
730	8204
730	11335
735	5937
735	9243
735	8593
738	90
743	10411
743	3072
746	9024
746	8488
746	10784
746	10384
749	11897
752	1852
752	11308
758	2389
767	8087
768	9224
768	2253
769	5386
769	1468
773	4862
773	11004
773	6661
781	9039
787	412
793	11943
793	3616
793	1744
793	782
793	6027
797	5257
797	3117
803	4117
803	3923
803	9156
806	9682
806	1312
806	1790
810	7462
810	28
818	3331
818	4140
829	5416
829	9467
829	7646
829	2171
829	966
842	2581
842	3605
845	375
845	4348
845	10850
846	2329
846	739
846	4041
846	4336
852	12088
853	8045
853	3167
874	4117
874	3923
874	9156
879	1469
879	10591
880	5257
880	3117
885	2269
885	6086
885	4608
887	234
887	9937
887	5474
887	9228
895	6164
895	10023
911	3309
911	3231
917	4952
917	2890
917	9964
921	10320
921	8641
922	4117
922	3923
922	9156
938	4234
938	11628
938	1126
941	710
950	4952
950	2890
950	9964
953	6856
964	1614
964	7613
964	440
970	4514
970	1039
970	1981
970	10020
973	8599
979	1174
980	4615
980	6885
980	2479
980	6941
980	6368
980	1364
988	12088
999	5937
999	9243
999	8593
1005	5619
1005	9139
1005	5332
1005	11791
1005	5961
1008	89
1008	7369
1020	1193
1020	3913
1020	5009
1020	7519
1026	3286
1026	12063
1026	11989
1027	3834
1027	7988
1027	6112
1047	6434
1047	11491
1047	11055
1047	11176
1047	4310
1047	8329
1049	8126
1049	10393
1054	4656
1054	299
1054	1336
1054	5561
1057	2581
1057	3605
1060	3575
1073	6712
1073	2016
1073	8050
1078	4954
1078	5819
1078	7745
1078	700
1079	4559
1085	12053
1085	2745
1086	6557
1086	5397
1086	4622
1086	1032
1086	4179
1086	7820
1086	6258
1086	6200
1086	12095
1095	6859
1098	9822
1102	6036
1102	3567
1103	2635
1103	4775
1103	7029
1112	4977
1112	2975
1112	11958
1112	1867
1112	10213
1114	6061
1114	1690
1114	11312
1115	5729
1115	5821
1115	3872
1115	8507
1115	3100
1115	3821
1115	1916
1118	412
1119	8678
1119	6039
1124	1565
1124	2094
1124	5085
1128	1358
1132	1536
1132	3168
1136	3169
1142	2677
1142	10756
1142	2722
1148	2216
1148	11285
1162	9443
1162	8637
1162	2696
1167	3155
1167	6463
1167	9111
1170	11572
1170	20
1170	11747
1175	3058
1175	197
1178	6360
1178	8204
1178	11335
1179	7084
1188	7691
1188	2778
1192	7084
1197	5421
1197	8655
1197	1970
1197	8892
1197	10039
1197	3087
1197	8987
1197	2261
1200	7845
1200	1041
1200	8138
1200	1042
1200	3434
1204	5416
1204	9467
1204	7646
1204	2171
1204	966
1205	10402
1205	4960
1206	6871
1208	11959
1208	3129
1217	11640
1217	6689
1217	11197
1217	4015
1217	11839
1224	3686
1224	3002
1229	8209
1229	1154
1229	3250
1230	5816
1231	8970
1231	94
1231	8376
1235	2959
1238	2959
1246	10677
1246	7605
1246	10898
1246	3815
1246	6223
1253	740
1253	4044
1253	4934
1258	7382
1258	3292
1258	7679
1262	11703
1262	1351
1262	5609
1268	10238
1268	6499
1273	5379
1273	8985
1279	8119
1279	11720
1279	232
1280	5288
1280	4964
1283	4131
1283	1766
1285	8220
1288	4444
1288	4694
1289	6599
1289	7235
1289	8659
1298	7741
1305	3793
1305	11630
1305	7444
1305	7978
1306	4981
1306	5039
1306	9298
1306	1722
1309	2677
1309	10756
1309	2722
1315	7735
1315	10990
1318	6434
1318	11491
1318	11055
1318	11176
1318	4310
1318	8329
1321	10569
1321	5317
1321	2613
1340	10312
1340	8086
1340	1977
1340	11546
1340	354
1340	5848
1340	6594
1340	10999
1342	10257
1343	3286
1343	12063
1343	11989
1348	1855
1348	4069
1356	3282
1356	9736
1363	4063
1363	4185
1363	10226
1367	2296
1367	2054
1367	6487
1386	2452
1390	10238
1390	6499
1394	9020
1394	11413
1394	9410
1394	9470
1394	5701
1394	3232
1394	2619
1395	5816
1400	8402
1401	10542
1403	3070
1403	5791
1403	11367
1403	9085
1403	1563
1403	9694
1403	7585
1403	1784
1404	1059
1404	9137
1409	10177
1414	11092
1414	5694
1414	1407
1414	10455
1414	1378
1420	7875
1420	6603
1420	5728
1431	2539
1432	9285
1432	9905
1432	9076
1432	4316
1437	5170
1437	3258
1437	6966
1437	10618
1443	5939
1448	4029
1448	8925
1448	8308
1448	4942
1448	2194
1457	12060
1457	7170
1457	994
1471	2854
1471	3204
1490	6715
1490	5842
1490	7774
1492	9224
1492	2253
1509	1286
1509	10055
1509	4147
1509	3617
1509	8029
1509	3865
1509	6727
1514	10717
1518	10238
1518	6499
1522	10597
1522	6815
1522	2011
1522	7791
1522	3154
1522	6437
1522	1793
1522	3564
1522	8179
1522	158
1522	4594
1522	9130
1526	3745
1539	274
1539	4110
1539	8977
1542	5242
1544	2753
1544	10734
1544	10206
1544	10338
1549	4025
1549	4971
1549	1758
1549	103
1549	10748
1554	10411
1554	3072
1567	2486
1567	3197
1569	4981
1569	5039
1569	9298
1569	1722
1572	3628
1572	2738
1572	4356
1572	405
1573	9087
1573	6667
1573	8744
1577	5704
1586	412
1599	1643
1599	11788
1602	1587
1606	7438
1615	2573
1620	4698
1620	9916
1620	8715
1634	4673
1646	4881
1646	7995
1646	3763
1655	7803
1655	10453
1655	5152
1655	5210
1669	7144
1669	4236
1669	3448
1676	1621
1676	18
1682	7737
1682	10817
1682	1716
1686	1536
1686	3168
1689	11675
1689	6711
1692	11203
1692	2743
1699	3509
1699	10379
1699	2849
1699	11077
1699	5539
1702	10968
1702	3312
1702	12104
1702	9194
1702	3852
1703	6599
1703	7235
1703	8659
1705	1245
1705	9739
1705	11626
1710	1768
1710	2900
1711	2087
1711	4191
1719	8312
1719	10873
1719	2741
1719	5758
1719	4732
1719	6119
1719	995
1720	11890
1727	1621
1727	18
1729	2628
1739	8484
1747	8678
1747	6039
1748	710
1751	447
1751	1698
1754	4127
1754	10890
1755	250
1755	138
1756	8330
1772	3169
1773	8860
1773	11295
1773	6852
1775	7551
1775	6130
1775	11523
1783	532
1785	9225
1786	1993
1799	7304
1800	2571
1800	9764
1800	671
1800	8496
1800	9097
1800	10240
1811	1358
1814	4855
1814	5973
1814	4672
1814	8427
1819	5027
1819	11925
1826	142
1826	1160
1826	7155
1826	626
1826	8697
1826	264
1832	262
1832	9649
1832	10422
1836	8170
1841	4862
1841	11004
1841	6661
1858	7727
1861	3670
1861	7633
1866	11890
1872	117
1878	8312
1878	10873
1878	2741
1878	5758
1878	4732
1878	6119
1878	995
1879	11405
1879	7672
1883	11437
1886	4312
1897	188
1897	8061
1899	1995
1907	9936
1915	888
1923	2466
1923	653
1923	6920
1923	7093
1929	7019
1929	7133
1930	10778
1933	1059
1933	9137
1935	6821
1935	6690
1935	10501
1941	5792
1941	10755
1941	10835
1955	1683
1955	3832
1955	9844
1964	10964
1964	8099
1965	6795
1965	7124
1965	4471
1965	4605
1965	5687
1965	2249
1971	365
1982	5470
1982	11074
1982	1635
1984	3731
1984	51
1984	10711
1984	9560
1984	7435
1984	4722
1996	10013
1996	5667
1996	1066
1996	1014
1996	6520
1999	8675
1999	1761
1999	195
2002	8412
2002	11347
2014	4915
2014	6995
2014	3134
2014	7292
2014	7650
2018	4656
2018	299
2018	1336
2018	5561
2021	7127
2040	9670
2040	8246
2043	8126
2043	10393
2050	824
2050	1898
2050	6151
2050	2756
2052	5719
2052	1946
2065	10708
2065	6640
2065	201
2065	2067
2071	7373
2071	1483
2071	8101
2073	6557
2073	5397
2073	4622
2073	1032
2073	4179
2073	7820
2073	6258
2073	6200
2073	12095
2075	6904
2090	9176
2090	7818
2098	2563
2098	6388
2102	5549
2109	6332
2109	11898
2109	4754
2111	4592
2111	3674
2111	6110
2111	2565
2112	290
2112	3757
2112	1292
2112	441
2112	7513
2115	9711
2115	7284
2121	6914
2121	6029
2121	2675
2121	8606
2121	108
2121	1488
2123	2134
2123	2979
2123	11006
2129	4615
2129	6885
2129	2479
2129	6941
2129	6368
2129	1364
2130	3819
2130	7034
2130	669
2130	5781
2130	3750
2131	10362
2131	9972
2131	3771
2131	5181
2131	7085
2136	4447
2143	10543
2143	10879
2143	9687
2143	4744
2144	11983
2144	11099
2144	6523
2144	6378
2146	8568
2150	5963
2150	5011
2150	11803
2150	4493
2155	11710
2155	5202
2158	10616
2158	8919
2158	5551
2161	7144
2161	4236
2161	3448
2163	5797
2180	4615
2180	6885
2180	2479
2180	6941
2180	6368
2180	1364
2181	888
2186	5370
2186	10988
2186	1034
2186	8543
2186	7275
2186	10284
2190	8484
2193	5541
2193	7385
2198	9682
2198	1312
2198	1790
2205	2789
2211	488
2217	10883
2217	5536
2225	8831
2225	464
2225	7826
2226	11076
2226	7038
2226	7824
2228	7956
2228	6266
2228	1141
2239	1889
2239	1116
2239	9852
2241	8309
2241	10006
2241	2673
2246	6859
2251	8471
2267	7350
2267	6849
2267	10063
2267	1090
2271	5797
2281	10496
2285	3798
2285	2802
2285	2834
2285	11162
2290	4994
2298	4404
2298	11008
2310	3731
2310	51
2310	10711
2310	9560
2310	7435
2310	4722
2315	6686
2315	3278
2316	2042
2316	4996
2316	1859
2319	8073
2322	10320
2322	8641
2324	5370
2324	10988
2324	1034
2324	8543
2324	7275
2324	10284
2330	2331
2334	532
2335	3769
2335	11123
2335	10859
2335	7423
2335	6313
2348	257
2355	7057
2355	4166
2355	11730
2359	890
2359	9889
2367	2034
2367	9134
2367	6676
2367	11938
2369	10106
2369	967
2369	6050
2373	8642
2373	11349
2373	7439
2373	9738
2384	8039
2384	2657
2384	3796
2401	7883
2401	5056
2404	7127
2405	3615
2405	8373
2405	6873
2405	864
2405	8263
2405	6809
2405	4194
2406	6910
2410	11923
2410	10252
2410	5409
2410	7653
2410	4157
2410	2376
2415	7712
2415	2060
2415	3932
2415	11941
2415	756
2421	10049
2425	4213
2425	8235
2425	10183
2434	4521
2439	2268
2442	10280
2442	43
2442	8028
2451	11203
2451	2743
2454	4871
2459	5343
2459	6344
2459	3459
2459	7710
2465	6821
2465	6690
2465	10501
2468	6821
2468	6690
2468	10501
2471	9682
2471	1312
2471	1790
2473	2854
2473	3204
2474	7808
2480	9087
2480	6667
2480	8744
2485	10968
2485	3312
2485	12104
2485	9194
2485	3852
2505	1621
2505	18
2510	4871
2517	8714
2517	4829
2517	5954
2518	1048
2518	11539
2518	2462
2518	8007
2523	4824
2523	11506
2523	10766
2523	3498
2523	5058
2523	7508
2523	3702
2523	3454
2529	8959
2529	2773
2529	3814
2529	11189
2529	8196
2529	9418
2529	3492
2535	1265
2535	11668
2535	10586
2535	2780
2535	8686
2535	5640
2537	11923
2537	10252
2537	5409
2537	7653
2537	4157
2537	2376
2540	7415
2540	9131
2541	10543
2541	10879
2541	9687
2541	4744
2547	3947
2547	4497
2547	3349
2547	5452
2547	741
2550	50
2550	2982
2550	9834
2556	2959
2566	3878
2566	796
2574	7382
2574	3292
2574	7679
2575	290
2575	3757
2575	1292
2575	441
2575	7513
2576	7973
2576	407
2576	6338
2576	10042
2577	9998
2577	2513
2579	847
2579	9947
2579	6631
2579	8340
2579	11873
2579	2154
2579	948
2579	7195
2579	5088
2586	3380
2587	1997
2587	8284
2587	3741
2589	9653
2589	5240
2589	10360
2589	11917
2589	8267
2600	8628
2600	1350
2603	5162
2603	8481
2603	11694
2603	5672
2603	7667
2605	11965
2609	9607
2609	5486
2609	566
2610	1286
2610	10055
2610	4147
2610	3617
2610	8029
2610	3865
2610	6727
2611	584
2611	9477
2611	5006
2612	7828
2612	8748
2618	2719
2620	9013
2625	2801
2626	4734
2626	112
2626	10602
2626	11758
2626	7535
2636	3918
2646	6855
2646	3801
2646	5907
2661	4494
2661	8960
2661	229
2661	9449
2662	8220
2676	5691
2679	3005
2684	7956
2684	6266
2684	1141
2688	2689
2688	2353
2690	8568
2691	9670
2691	8246
2693	9379
2693	5107
2699	2378
2699	9535
2699	2583
2702	2881
2702	1215
2702	6442
2715	691
2715	624
2715	8385
2716	824
2716	1898
2716	6151
2716	2756
2726	4952
2726	2890
2726	9964
2727	4731
2727	12087
2727	9869
2727	3166
2727	2551
2727	7858
2728	11653
2728	3911
2728	10740
2728	8227
2728	7071
2728	10761
2728	7035
2735	8959
2735	2773
2735	3814
2735	11189
2735	8196
2735	9418
2735	3492
2736	10430
2736	5122
2736	4793
2736	6213
2736	4088
2740	11683
2740	3931
2740	9621
2748	1584
2748	9671
2754	4093
2754	11779
2758	2045
2758	3475
2765	6910
2766	10912
2774	2034
2774	9134
2774	6676
2774	11938
2777	1846
2777	2326
2779	2034
2779	9134
2779	6676
2779	11938
2790	1613
2790	7895
2790	9444
2796	9854
2796	8591
2796	9389
2796	9053
2796	10691
2800	7304
2812	10090
2812	3812
2815	532
2820	123
2820	3901
2825	11092
2825	5694
2825	1407
2825	10455
2825	1378
2831	8304
2831	1482
2838	11423
2838	3684
2841	968
2848	4337
2848	1765
2848	5014
2859	1265
2859	11668
2859	10586
2859	2780
2859	8686
2859	5640
2874	9020
2874	11413
2874	9410
2874	9470
2874	5701
2874	3232
2874	2619
2876	3380
2888	4127
2888	10890
2891	7973
2891	407
2891	6338
2891	10042
2897	8568
2911	2571
2911	9764
2911	671
2911	8496
2911	9097
2911	10240
2924	9148
2925	10459
2925	10301
2925	10249
2925	9201
2925	9775
2930	11135
2940	4312
2954	9678
2954	838
2960	2378
2960	9535
2960	2583
2961	2597
2961	850
2961	10437
2961	2173
2963	6542
2963	9042
2964	540
2966	8309
2966	10006
2966	2673
2974	8071
2988	10708
2988	6640
2988	201
2988	2067
2989	3589
2989	3361
2989	2805
2991	9793
2995	1209
2995	1257
2995	3362
2995	1874
2996	4098
2996	2823
2996	7756
2996	3562
2998	5782
2998	1615
2998	9094
2998	383
2998	855
2999	4953
2999	7480
3000	11482
3000	2734
3000	9672
3000	8806
3000	5086
3014	5939
3017	11257
3020	11929
3020	7040
3020	9654
3020	9840
3020	4052
3025	2325
3025	6936
3025	8479
3025	5817
3025	8353
3026	677
3032	5963
3032	5011
3032	11803
3032	4493
3033	11841
3033	2175
3033	6578
3033	12024
3033	10787
3033	7814
3033	9897
3046	11210
3046	4579
3046	544
3053	3171
3053	3665
3055	1532
3060	591
3062	4417
3062	4962
3062	4193
3062	4756
3062	74
3062	1022
3071	9982
3071	6861
3073	10325
3074	3952
3074	11417
3074	1828
3074	11412
3077	8968
3077	2905
3077	3964
3077	5434
3077	421
3077	3737
3084	591
3090	12077
3090	7403
3091	8330
3093	10530
3093	6371
3093	902
3104	3109
3104	4648
3105	3624
3105	3520
3105	11201
3107	4981
3107	5039
3107	9298
3107	1722
3112	1863
3112	6046
3112	668
3115	10717
3116	8119
3116	11720
3116	232
3120	2081
3120	9240
3121	3351
3121	4691
3121	4679
3127	2753
3127	10734
3127	10206
3127	10338
3128	6735
3128	5863
3135	2170
3139	1997
3139	8284
3139	3741
3143	7803
3143	10453
3143	5152
3143	5210
3144	10654
3144	9122
3146	1286
3146	10055
3146	4147
3146	3617
3146	8029
3146	3865
3146	6727
3150	10708
3150	6640
3150	201
3150	2067
3158	262
3158	9649
3158	10422
3159	3819
3159	7034
3159	669
3159	5781
3159	3750
3163	2846
3164	2731
3164	9307
3164	7830
3164	1985
3164	4912
3178	10312
3178	8086
3178	1977
3178	11546
3178	354
3178	5848
3178	6594
3178	10999
3201	5849
3201	2973
3202	435
3202	2714
3202	615
3202	2536
3202	4393
3202	3205
3202	5429
3202	424
3207	9936
3208	10005
3208	10561
3208	10486
3210	5020
3210	2364
3210	2029
3210	6563
3210	5316
3216	8526
3216	8013
3216	9679
3218	1048
3218	11539
3218	2462
3218	8007
3220	1354
3220	2079
3220	10729
3220	3317
3220	8551
3224	5708
3224	10200
3225	1358
3226	2429
3226	10505
3230	6686
3230	3278
3233	7144
3233	4236
3233	3448
3241	4855
3241	5973
3241	4672
3241	8427
3244	67
3254	6735
3254	5863
3255	7086
3255	2464
3255	11139
3255	8683
3275	1653
3275	2447
3275	11514
3279	10090
3279	3812
3280	9219
3280	7923
3280	1374
3281	7517
3283	8642
3283	11349
3283	7439
3283	9738
3285	2869
3285	8259
3287	8434
3287	10004
3287	4768
3287	8626
3293	4448
3293	10695
3294	2803
3300	9147
3300	2257
3300	8454
3300	5492
3300	1589
3300	3980
3300	4134
3300	9436
3301	11653
3301	3911
3301	10740
3301	8227
3301	7071
3301	10761
3301	7035
3304	7761
3316	2539
3318	4320
3318	1274
3318	7743
3322	521
3322	5743
3326	3373
3326	8148
3329	4757
3334	142
3334	1160
3334	7155
3334	626
3334	8697
3334	264
3335	11135
3339	9167
3339	8049
3339	6783
3342	1587
3343	9024
3343	8488
3343	10784
3343	10384
3352	4098
3352	2823
3352	7756
3352	3562
3354	5168
3354	332
3360	2331
3363	4360
3363	5686
3363	8186
3363	7873
3363	11674
3363	7388
3363	11963
3374	888
3375	7084
3377	4698
3377	9916
3377	8715
3389	6113
3389	10732
3389	1612
3389	9618
3389	9664
3389	11239
3401	7930
3401	6744
3401	702
3403	4615
3403	6885
3403	2479
3403	6941
3403	6368
3403	1364
3408	6330
3408	11360
3408	11319
3408	9609
3408	11867
3410	7350
3410	6849
3410	10063
3410	1090
3411	2926
3416	27
3416	5569
3416	9782
3416	1297
3416	6202
3418	4580
3418	3886
3418	146
3418	9831
3418	1107
3418	10334
3418	11807
3418	553
3418	5499
3419	1677
3419	95
3421	8213
3421	486
3421	3054
3421	3717
3432	8959
3432	2773
3432	3814
3432	11189
3432	8196
3432	9418
3432	3492
3436	6360
3436	8204
3436	11335
3447	5379
3447	8985
3450	2581
3450	3605
3460	10528
3460	5142
3460	7254
3461	1434
3461	2062
3461	6629
3461	6470
3461	9405
3461	10888
3464	11968
3466	4915
3466	6995
3466	3134
3466	7292
3466	7650
3467	7838
3473	11572
3473	20
3473	11747
3477	6360
3477	8204
3477	11335
3493	588
3493	3297
3493	10874
3496	4521
3511	7803
3511	10453
3511	5152
3511	5210
3515	541
3515	429
3515	6118
3515	639
3515	4206
3519	1211
3519	1966
3519	3239
3521	4824
3521	11506
3521	10766
3521	3498
3521	5058
3521	7508
3521	3702
3521	3454
3525	1063
3525	9615
3530	7548
3535	5691
3540	8369
3540	3966
3540	727
3540	8638
3540	5418
3541	10177
3544	5659
3544	5949
3544	10648
3544	6231
3544	8924
3544	9813
3545	3952
3545	11417
3545	1828
3545	11412
3553	5020
3553	2364
3553	2029
3553	6563
3553	5316
3556	8314
3556	2807
3556	4572
3556	8596
3556	9200
3556	928
3556	6413
3561	2869
3561	8259
3563	2926
3580	10842
3580	7421
3580	5822
3582	2325
3582	6936
3582	8479
3582	5817
3582	8353
3586	8309
3586	10006
3586	2673
3596	5704
3602	9803
3611	5421
3611	8655
3611	1970
3611	8892
3611	10039
3611	3087
3611	8987
3611	2261
3612	1264
3612	1232
3612	6228
3626	11247
3626	4217
3626	8321
3627	8860
3627	11295
3627	6852
3633	1399
3633	9830
3643	4425
3643	1920
3643	10251
3644	1643
3644	11788
3650	2466
3650	653
3650	6920
3650	7093
3653	2512
3682	3632
3682	4453
3682	11037
3687	3272
3687	11782
3687	8185
3691	7735
3691	10990
3692	331
3692	1528
3695	5309
3695	10669
3695	9971
3695	6087
3706	7761
3709	9162
3709	10937
3734	4139
3734	6186
3734	2559
3734	1058
3735	5457
3735	2515
3735	10272
3735	1120
3738	5601
3746	1354
3746	2079
3746	10729
3746	3317
3746	8551
3749	10450
3749	6246
3749	10491
3755	1995
3773	4267
3773	5600
3773	11798
3773	9299
3773	3774
3773	729
3773	9824
3773	9107
3773	10622
3779	6910
3781	6871
3786	10182
3788	11482
3788	2734
3788	9672
3788	8806
3788	5086
3790	3670
3790	7633
3799	10000
3799	9667
3806	824
3806	1898
3806	6151
3806	2756
3822	123
3822	3901
3825	10161
3830	64
3839	8278
3839	3842
3840	2801
3841	7883
3841	5056
3846	9564
3846	77
3846	2703
3846	2521
3846	10750
3846	8183
3855	4123
3855	12037
3855	4354
3858	3904
3858	4342
3863	7551
3863	6130
3863	11523
3870	933
3870	8398
3870	10760
3870	7884
3881	3835
3881	11479
3882	1211
3882	1966
3882	3239
3903	3889
3916	7554
3916	6917
3926	2887
3926	320
3926	3888
3928	10106
3928	967
3928	6050
3934	3405
3938	5168
3938	332
3940	3993
3943	1532
3948	8526
3948	8013
3948	9679
3955	9653
3955	5240
3955	10360
3955	11917
3955	8267
3958	1248
3958	7716
3958	7575
3958	11331
3970	10280
3970	43
3970	8028
3972	1021
3975	8970
3975	94
3975	8376
3977	8642
3977	11349
3977	7439
3977	9738
3978	2694
3978	9009
3978	3345
3979	10177
3994	7084
4001	613
4001	10655
4001	5512
4004	4312
4009	1048
4009	11539
4009	2462
4009	8007
4011	2392
4011	7156
4011	1393
4011	10578
4023	8872
4023	10479
4023	9186
4034	6976
4034	11206
4034	5109
4038	1209
4038	1257
4038	3362
4038	1874
4048	10821
4048	6656
4053	2863
4053	7030
4058	11257
4061	9711
4061	7284
4062	10687
4062	11073
4064	2694
4064	9009
4064	3345
4078	10597
4078	6815
4078	2011
4078	7791
4078	3154
4078	6437
4078	1793
4078	3564
4078	8179
4078	158
4078	4594
4078	9130
4081	4234
4081	11628
4081	1126
4084	10818
4084	8426
4084	3043
4084	2764
4084	7589
4084	3645
4084	585
4085	3509
4085	10379
4085	2849
4085	11077
4085	5539
4086	11118
4086	11765
4086	9938
4087	8803
4087	5685
4091	2329
4091	739
4091	4041
4091	4336
4092	9147
4092	2257
4092	8454
4092	5492
4092	1589
4092	3980
4092	4134
4092	9436
4094	10985
4094	4017
4094	3637
4102	7542
4102	7697
4102	6779
4104	7143
4108	11314
4108	2972
4108	11385
4126	3109
4126	4648
4128	1565
4128	2094
4128	5085
4129	3834
4129	7988
4129	6112
4135	11640
4135	6689
4135	11197
4135	4015
4135	11839
4142	9176
4142	7818
4144	5470
4144	11074
4144	1635
4153	4559
4159	10257
4167	4024
4167	6937
4167	3837
4167	3630
4168	4463
4168	1442
4172	4698
4172	9916
4172	8715
4180	1995
4186	11371
4186	2599
4187	4592
4187	3674
4187	6110
4187	2565
4192	2045
4192	3475
4196	8872
4196	10479
4196	9186
4197	4425
4197	1920
4197	10251
4198	2635
4198	4775
4198	7029
4203	123
4203	3901
4210	11871
4215	3004
4215	2025
4215	3248
4222	1536
4222	3168
4225	9945
4225	4026
4229	8860
4229	11295
4229	6852
4230	6599
4230	7235
4230	8659
4231	4954
4231	5819
4231	7745
4231	700
4235	11087
4237	2867
4237	3490
4239	4234
4239	11628
4239	1126
4242	1174
4247	3835
4247	11479
4252	188
4252	8061
4257	3155
4257	6463
4257	9111
4260	2389
4264	7691
4264	2778
4269	6264
4271	8369
4271	3966
4271	727
4271	8638
4271	5418
4273	2084
4273	7322
4279	10172
4279	11909
4283	4320
4283	1274
4283	7743
4301	9717
4301	9117
4319	3731
4319	51
4319	10711
4319	9560
4319	7435
4319	4722
4325	9388
4325	4513
4341	1329
4341	3607
4344	6113
4344	10732
4344	1612
4344	9618
4344	9664
4344	11239
4353	740
4353	4044
4353	4934
4370	4337
4370	1765
4370	5014
4371	10677
4371	7605
4371	10898
4371	3815
4371	6223
4381	3995
4381	12098
4381	865
4385	10977
4388	4337
4388	1765
4388	5014
4389	4519
4389	858
4389	265
4392	7517
4407	10528
4407	5142
4407	7254
4410	12060
4410	7170
4410	994
4412	6763
4416	8735
4416	9478
4416	5023
4416	9218
4416	4674
4416	10703
4418	6914
4418	6029
4418	2675
4418	8606
4418	108
4418	1488
4424	6914
4424	6029
4424	2675
4424	8606
4424	108
4424	1488
4428	4731
4428	12087
4428	9869
4428	3166
4428	2551
4428	7858
4429	4426
4429	3961
4429	6166
4429	6020
4429	5342
4429	2234
4429	6996
4435	5729
4435	5821
4435	3872
4435	8507
4435	3100
4435	3821
4435	1916
4437	7335
4437	7645
4438	6091
4438	823
4438	1096
4438	1450
4449	4123
4449	12037
4449	4354
4456	3282
4456	9736
4460	6856
4476	10000
4476	9667
4477	11043
4477	2670
4478	3509
4478	10379
4478	2849
4478	11077
4478	5539
4479	27
4479	5569
4479	9782
4479	1297
4479	6202
4483	6623
4485	4488
4485	5834
4485	2747
4485	4574
4485	2394
4489	3309
4489	3231
4496	11257
4503	10555
4503	8787
4503	3111
4506	7548
4512	5095
4512	11915
4522	3622
4522	1254
4526	5706
4533	4757
4535	1209
4535	1257
4535	3362
4535	1874
4539	4057
4539	7687
4539	7378
4539	6802
4545	9770
4545	1601
4545	8139
4548	7727
4549	2563
4549	6388
4550	6943
4550	1972
4550	10404
4550	11966
4550	6057
4550	5630
4550	3209
4552	1757
4552	4544
4553	6012
4560	11943
4560	3616
4560	1744
4560	782
4560	6027
4565	2045
4565	3475
4567	3769
4567	11123
4567	10859
4567	7423
4567	6313
4569	4024
4569	6937
4569	3837
4569	3630
4586	521
4586	5743
4591	9167
4591	8049
4591	6783
4596	2042
4596	4996
4596	1859
4598	3906
4598	6028
4601	11487
4611	4426
4611	3961
4611	6166
4611	6020
4611	5342
4611	2234
4611	6996
4612	1180
4618	9105
4618	334
4618	10390
4618	6982
4618	8569
4620	4337
4620	1765
4620	5014
4621	11923
4621	10252
4621	5409
4621	7653
4621	4157
4621	2376
4632	3130
4632	4841
4632	11993
4632	2544
4633	584
4633	9477
4633	5006
4636	609
4636	9520
4636	12074
4636	11011
4641	8696
4641	10370
4641	1531
4644	5895
4644	9494
4646	2719
4647	4404
4647	11008
4652	4915
4652	6995
4652	3134
4652	7292
4652	7650
4657	3589
4657	3361
4657	2805
4658	11405
4658	7672
4661	2269
4661	6086
4661	4608
4665	5811
4665	11223
4665	1109
4665	10119
4665	10901
4667	9527
4677	4941
4677	10222
4677	10219
4677	7099
4677	10905
4686	7048
4699	3102
4699	2570
4699	8195
4699	2663
4699	1837
4699	9731
4701	6384
4701	10631
4701	2427
4701	3310
4701	4714
4701	10091
4701	2943
4701	6630
4701	8791
4701	10636
4702	2028
4708	10450
4708	6246
4708	10491
4710	5457
4710	2515
4710	10272
4710	1120
4717	3993
4728	2216
4728	11285
4729	11107
4730	685
4730	11068
4730	6581
4737	4458
4737	11646
4737	8215
4737	7832
4742	3331
4742	4140
4747	3169
4750	3918
4751	9147
4751	2257
4751	8454
4751	5492
4751	1589
4751	3980
4751	4134
4751	9436
4755	210
4758	1264
4758	1232
4758	6228
4759	10708
4759	6640
4759	201
4759	2067
4764	8471
4770	3331
4770	4140
4771	7350
4771	6849
4771	10063
4771	1090
4773	3947
4773	4497
4773	3349
4773	5452
4773	741
4776	12053
4776	2745
4780	8872
4780	10479
4780	9186
4789	6838
4789	3959
4789	8513
4790	10528
4790	5142
4790	7254
4792	2084
4792	7322
4797	5746
4797	7045
4797	3987
4797	10650
4797	3701
4797	814
4797	2380
4797	11936
4800	7295
4800	10992
4802	2486
4802	3197
4803	740
4803	4044
4803	4934
4806	3373
4806	8148
4808	4946
4808	11800
4808	7316
4816	4953
4816	7480
4826	4855
4826	5973
4826	4672
4826	8427
4832	10325
4835	11871
4845	6128
4849	11840
4852	9803
4853	5170
4853	3258
4853	6966
4853	10618
4854	6264
4857	8039
4857	2657
4857	3796
4868	7671
4868	3142
4869	6830
4870	5565
4870	9115
4870	3021
4874	5704
4880	4592
4880	3674
4880	6110
4880	2565
4884	613
4884	10655
4884	5512
4886	4267
4886	5600
4886	11798
4886	9299
4886	3774
4886	729
4886	9824
4886	9107
4886	10622
4894	11207
4894	7024
4908	2994
4908	6121
4917	7283
4917	1250
4923	6384
4923	10631
4923	2427
4923	3310
4923	4714
4923	10091
4923	2943
4923	6630
4923	8791
4923	10636
4930	3686
4930	3002
4943	9529
4967	8366
4967	11709
4974	5549
4976	7845
4976	1041
4976	8138
4976	1042
4976	3434
4986	7735
4986	10990
4992	3878
4992	796
4993	8696
4993	10370
4993	1531
4999	9148
5004	5704
5025	11274
5026	9573
5026	9659
5026	3811
5035	3373
5035	8148
5037	10573
5042	11357
5044	1583
5044	4883
5044	5666
5045	6380
5048	4958
5048	8120
5048	1627
5048	4918
5048	8500
5048	168
5052	9219
5052	7923
5052	1374
5067	8366
5067	11709
5068	2389
5069	10597
5069	6815
5069	2011
5069	7791
5069	3154
5069	6437
5069	1793
5069	3564
5069	8179
5069	158
5069	4594
5069	9130
5080	11257
5082	6061
5082	1690
5082	11312
5084	6380
5087	6015
5087	10948
5099	1245
5099	9739
5099	11626
5100	7845
5100	1041
5100	8138
5100	1042
5100	3434
5104	1952
5104	10958
5113	8729
5113	187
5113	1974
5113	9756
5114	9793
5115	8434
5115	10004
5115	4768
5115	8626
5117	11395
5117	1015
5117	7194
5117	6124
5118	2994
5118	6121
5119	5565
5119	9115
5119	3021
5120	10573
5124	12077
5124	7403
5126	4448
5126	10695
5129	9607
5129	5486
5129	566
5139	3919
5139	5655
5139	8980
5139	215
5139	6319
5139	5692
5140	1434
5140	2062
5140	6629
5140	6470
5140	9405
5140	10888
5164	64
5165	7373
5165	1483
5165	8101
5166	10013
5166	5667
5166	1066
5166	1014
5166	6520
5173	10362
5173	9972
5173	3771
5173	5181
5173	7085
5177	7092
5178	1063
5178	9615
5183	11847
5183	3694
5183	5136
5183	481
5183	5806
5183	4119
5188	1564
5188	9798
5190	11482
5190	2734
5190	9672
5190	8806
5190	5086
5206	6128
5211	447
5211	1698
5214	4097
5214	7636
5214	8737
5214	11878
5214	949
5214	1717
5214	10245
5218	10542
5222	6005
5222	2813
5222	8747
5222	10146
5224	547
5224	8827
5225	6713
5225	5513
5225	11881
5225	934
5225	4190
5225	3348
5228	2045
5228	3475
5229	3798
5229	2802
5229	2834
5229	11162
5235	8642
5235	11349
5235	7439
5235	9738
5236	6367
5236	6354
5236	316
5238	11047
5244	6239
5244	619
5248	8459
5259	9890
5259	937
5259	4155
5261	6399
5261	10516
5263	8314
5263	2807
5263	4572
5263	8596
5263	9200
5263	928
5263	6413
5264	1264
5264	1232
5264	6228
5265	6715
5265	5842
5265	7774
5269	9365
5269	2483
5271	3686
5271	3002
5273	7737
5273	10817
5273	1716
5275	3793
5275	11630
5275	7444
5275	7978
5277	2526
5277	9566
5277	3516
5277	4481
5277	1822
5277	9207
5284	5288
5284	4964
5292	9894
5305	6712
5305	2016
5305	8050
5314	11968
5320	541
5320	429
5320	6118
5320	639
5320	4206
5335	4139
5335	6186
5335	2559
5335	1058
5349	584
5349	9477
5349	5006
5352	2912
5352	878
5352	4413
5364	11956
5364	3736
5367	5457
5367	2515
5367	10272
5367	1120
5373	4511
5373	7389
5376	2525
5376	3376
5381	8663
5381	4265
5389	8678
5389	6039
5390	6048
5395	890
5395	9889
5399	890
5399	9889
5405	6599
5405	7235
5405	8659
5407	3993
5411	5096
5411	246
5411	6358
5423	7048
5425	8735
5425	9478
5425	5023
5425	9218
5425	4674
5425	10703
5427	11956
5427	3736
5428	1212
5428	4882
5439	557
5439	11199
5439	6613
5439	10753
5440	6179
5440	6047
5445	2846
5453	10677
5453	7605
5453	10898
5453	3815
5453	6223
5460	11810
5460	3367
5472	8087
5509	3256
5509	6556
5509	2713
5515	7761
5518	7086
5518	2464
5518	11139
5518	8683
5523	2581
5523	3605
5529	8122
5529	12013
5529	10710
5550	9162
5550	10937
5554	4267
5554	5600
5554	11798
5554	9299
5554	3774
5554	729
5554	9824
5554	9107
5554	10622
5558	10049
5560	2731
5560	9307
5560	7830
5560	1985
5560	4912
5564	2512
5571	7413
5571	8868
5576	6240
5576	5073
5576	1735
5577	11097
5577	7430
5577	10914
5591	10365
5591	9026
5598	10257
5606	2306
5608	1653
5608	2447
5608	11514
5617	5096
5617	246
5617	6358
5621	2286
5622	10717
5623	9225
5624	4906
5624	9490
5625	1059
5625	9137
5629	9224
5629	2253
5633	3004
5633	2025
5633	3248
5634	3102
5634	2570
5634	8195
5634	2663
5634	1837
5634	9731
5654	550
5654	6632
5658	7363
5658	6580
5658	7282
5658	6657
5658	791
5658	2416
5668	6048
5669	1805
5669	10108
5669	6778
5669	6122
5675	1863
5675	6046
5675	668
5678	9285
5678	9905
5678	9076
5678	4316
5683	5457
5683	2515
5683	10272
5683	1120
5688	9998
5688	2513
5690	210
5696	6639
5696	1904
5696	1441
5699	6855
5699	3801
5699	5907
5709	5706
5710	5729
5710	5821
5710	3872
5710	8507
5710	3100
5710	3821
5710	1916
5721	2731
5721	9307
5721	7830
5721	1985
5721	4912
5725	8312
5725	10873
5725	2741
5725	5758
5725	4732
5725	6119
5725	995
5726	8999
5726	3221
5737	5463
5737	11727
5739	3889
5742	4994
5749	4952
5749	2890
5749	9964
5750	3575
5751	2490
5751	10389
5754	11482
5754	2734
5754	9672
5754	8806
5754	5086
5755	10818
5755	8426
5755	3043
5755	2764
5755	7589
5755	3645
5755	585
5757	1434
5757	2062
5757	6629
5757	6470
5757	9405
5757	10888
5761	5708
5761	10200
5768	4953
5768	7480
5770	7448
5770	5942
5772	223
5772	5931
5772	9552
5772	11780
5780	3995
5780	12098
5780	865
5786	9670
5786	8246
5788	9540
5788	5357
5788	10296
5788	7984
5790	11437
5796	8278
5796	3842
5798	11847
5798	3694
5798	5136
5798	481
5798	5806
5798	4119
5804	5096
5804	246
5804	6358
5814	9822
5815	3282
5815	9736
5824	5187
5828	7956
5828	6266
5828	1141
5829	6429
5829	9101
5829	4377
5829	2057
5829	8437
5829	5511
5864	8976
5872	2597
5872	850
5872	10437
5872	2173
5875	10159
5883	9770
5883	1601
5883	8139
5887	7956
5887	6266
5887	1141
5888	1536
5888	3168
5889	435
5889	2714
5889	615
5889	2536
5889	4393
5889	3205
5889	5429
5889	424
5891	7551
5891	6130
5891	11523
5892	2081
5892	9240
5894	11847
5894	3694
5894	5136
5894	481
5894	5806
5894	4119
5900	3835
5900	11479
5902	2689
5902	2353
5905	6855
5905	3801
5905	5907
5910	11703
5910	1351
5910	5609
5911	2028
5913	9822
5923	188
5923	8061
5926	5849
5926	2973
5936	3615
5936	8373
5936	6873
5936	864
5936	8263
5936	6809
5936	4194
5945	8618
5945	3944
5948	5659
5948	5949
5948	10648
5948	6231
5948	8924
5948	9813
5956	10717
5957	1723
5957	3015
5959	8714
5959	4829
5959	5954
5960	7712
5960	2060
5960	3932
5960	11941
5960	756
5967	2329
5967	739
5967	4041
5967	4336
5977	6914
5977	6029
5977	2675
5977	8606
5977	108
5977	1488
5979	11810
5979	3367
5987	3505
5987	1925
5991	4458
5991	11646
5991	8215
5991	7832
5994	11810
5994	3367
5997	888
5999	11640
5999	6689
5999	11197
5999	4015
5999	11839
6000	933
6000	8398
6000	10760
6000	7884
6001	2429
6001	10505
6007	1583
6007	4883
6007	5666
6009	1043
6009	7416
6009	1794
6013	5379
6013	8985
6035	4977
6035	2975
6035	11958
6035	1867
6035	10213
6041	4131
6041	1766
6044	5895
6044	9494
6051	8051
6051	11291
6063	3732
6064	9155
6064	10236
6064	6876
6077	3575
6082	3624
6082	3520
6082	11201
6085	6723
6089	8568
6094	1265
6094	11668
6094	10586
6094	2780
6094	8686
6094	5640
6100	6423
6102	4417
6102	4962
6102	4193
6102	4756
6102	74
6102	1022
6105	4234
6105	11628
6105	1126
6108	8628
6108	1350
6114	9770
6114	1601
6114	8139
6123	10968
6123	3312
6123	12104
6123	9194
6123	3852
6125	789
6125	10547
6125	4280
6125	7539
6125	9050
6125	4274
6138	5027
6138	11925
6140	10810
6142	8758
6145	847
6145	9947
6145	6631
6145	8340
6145	11873
6145	2154
6145	948
6145	7195
6145	5088
6148	620
6148	2287
6152	27
6152	5569
6152	9782
6152	1297
6152	6202
6155	8352
6155	6263
6163	6713
6163	5513
6163	11881
6163	934
6163	4190
6163	3348
6171	11959
6171	3129
6176	11210
6176	4579
6176	544
6178	8669
6181	4958
6181	8120
6181	1627
6181	4918
6181	8500
6181	168
6190	10177
6197	10467
6198	7462
6198	28
6201	4025
6201	4971
6201	1758
6201	103
6201	10748
6226	8508
6226	1714
6226	9696
6226	8915
6249	7295
6249	10992
6254	2301
6260	10159
6265	3919
6265	5655
6265	8980
6265	215
6265	6319
6265	5692
6267	4941
6267	10222
6267	10219
6267	7099
6267	10905
6270	10005
6270	10561
6270	10486
6272	691
6272	624
6272	8385
6276	8330
6281	234
6281	9937
6281	5474
6281	9228
6282	2296
6282	2054
6282	6487
6283	250
6283	138
6290	4360
6290	5686
6290	8186
6290	7873
6290	11674
6290	7388
6290	11963
6292	4656
6292	299
6292	1336
6292	5561
6297	9379
6297	5107
6302	8831
6302	464
6302	7826
6304	1610
6304	423
6304	9951
6304	9355
6306	10280
6306	43
6306	8028
6307	7532
6307	12032
6309	7363
6309	6580
6309	7282
6309	6657
6309	791
6309	2416
6314	10555
6314	8787
6314	3111
6316	7092
6325	9105
6325	334
6325	10390
6325	6982
6325	8569
6326	6625
6326	8501
6326	1344
6336	3632
6336	4453
6336	11037
6341	5811
6341	11223
6341	1109
6341	10119
6341	10901
6343	5343
6343	6344
6343	3459
6343	7710
6347	10013
6347	5667
6347	1066
6347	1014
6347	6520
6348	11785
6348	2235
6348	1827
6348	3982
6348	4340
6350	1997
6350	8284
6350	3741
6353	7304
6365	11395
6365	1015
6365	7194
6365	6124
6372	48
6376	3897
6376	6021
6376	7724
6383	11785
6383	2235
6383	1827
6383	3982
6383	4340
6386	9181
6386	8935
6386	7259
6386	3234
6387	2571
6387	9764
6387	671
6387	8496
6387	9097
6387	10240
6389	11793
6389	5148
6389	245
6395	12062
6395	70
6395	11219
6397	7542
6397	7697
6397	6779
6405	6645
6406	50
6406	2982
6406	9834
6407	4494
6407	8960
6407	229
6407	9449
6411	3793
6411	11630
6411	7444
6411	7978
6412	11943
6412	3616
6412	1744
6412	782
6412	6027
6414	9288
6418	6002
6418	7436
6418	3579
6421	9039
6424	2867
6424	3490
6432	5816
6435	11022
6435	8057
6436	11203
6436	2743
6439	5170
6439	3258
6439	6966
6439	10618
6440	4502
6441	8330
6445	9181
6445	8935
6445	7259
6445	3234
6450	2392
6450	7156
6450	1393
6450	10578
6456	5939
6458	2597
6458	850
6458	10437
6458	2173
6468	5708
6468	10200
6469	76
6477	6048
6484	11087
6504	2827
6514	7057
6514	4166
6514	11730
6524	8464
6524	8182
6533	8314
6533	2807
6533	4572
6533	8596
6533	9200
6533	928
6533	6413
6536	8464
6536	8182
6537	8999
6537	3221
6538	8599
6561	8943
6566	6557
6566	5397
6566	4622
6566	1032
6566	4179
6566	7820
6566	6258
6566	6200
6566	12095
6571	588
6571	3297
6571	10874
6572	10161
6575	2329
6575	739
6575	4041
6575	4336
6577	7283
6577	1250
6584	2680
6596	1398
6596	2806
6597	259
6597	7602
6601	10362
6601	9972
6601	3771
6601	5181
6601	7085
6608	1587
6609	3004
6609	2025
6609	3248
6610	8547
6610	9837
6615	9614
6615	11783
6615	2744
6619	3004
6619	2025
6619	3248
6621	2525
6621	3376
6637	7413
6637	8868
6647	4139
6647	6186
6647	2559
6647	1058
6658	10810
6659	8749
6664	11343
6664	4045
6664	9475
6666	11252
6666	8243
6666	9377
6666	3385
6672	4425
6672	1920
6672	10251
6673	3798
6673	2802
6673	2834
6673	11162
6683	9105
6683	334
6683	10390
6683	6982
6683	8569
6684	2753
6684	10734
6684	10206
6684	10338
6692	7637
6692	301
6696	1614
6696	7613
6696	440
6699	6871
6705	2789
6708	3169
6710	11675
6710	6711
6714	3849
6714	4873
6714	6719
6714	2623
6714	5693
6722	789
6722	10547
6722	4280
6722	7539
6722	9050
6722	4274
6732	2170
6739	11531
6745	9181
6745	8935
6745	7259
6745	3234
6749	11107
6750	6821
6750	6690
6750	10501
6752	3824
6752	2010
6755	272
6755	7495
6755	1397
6755	8096
6755	347
6755	3853
6756	7930
6756	6744
6756	702
6766	4580
6766	3886
6766	146
6766	9831
6766	1107
6766	10334
6766	11807
6766	553
6766	5499
6787	968
6789	24
6789	2213
6789	9503
6791	5257
6791	3117
6793	10977
6804	8366
6804	11709
6806	7243
6806	3188
6808	11703
6808	1351
6808	5609
6812	8968
6812	2905
6812	3964
6812	5434
6812	421
6812	3737
6816	2331
6818	7295
6818	10992
6820	7890
6820	4211
6820	9217
6820	10877
6820	4282
6820	1781
6820	11856
6827	8369
6827	3966
6827	727
6827	8638
6827	5418
6829	9540
6829	5357
6829	10296
6829	7984
6833	6763
6834	7551
6834	6130
6834	11523
6835	3906
6835	6028
6836	6645
6837	3351
6837	4691
6837	4679
6844	8675
6844	1761
6844	195
6850	436
6862	972
6864	5463
6864	11727
6865	2080
6865	6770
6872	1383
6872	4576
6872	3576
6872	3488
6872	985
6872	11772
6872	6238
6880	10677
6880	7605
6880	10898
6880	3815
6880	6223
6887	7517
6888	9711
6888	7284
6896	4360
6896	5686
6896	8186
6896	7873
6896	11674
6896	7388
6896	11963
6899	8511
6899	10333
6899	5458
6905	6012
6906	3798
6906	2802
6906	2834
6906	11162
6907	5792
6907	10755
6907	10835
6912	1852
6912	11308
6913	274
6913	4110
6913	8977
6921	24
6921	2213
6921	9503
6922	2677
6922	10756
6922	2722
6931	11423
6931	3684
6938	6240
6938	5073
6938	1735
6939	4024
6939	6937
6939	3837
6939	3630
6942	1399
6942	9830
6949	10977
6951	667
6951	8252
6951	53
6951	3327
6951	5145
6953	1757
6953	4544
6955	6239
6955	619
6956	2470
6956	8116
6959	5463
6959	11727
6961	704
6961	12016
6961	3647
6961	6960
6969	11572
6969	20
6969	11747
6974	6976
6974	11206
6974	5109
6980	9597
6980	8270
6983	5020
6983	2364
6983	2029
6983	6563
6983	5316
6987	3092
6987	9073
6993	5343
6993	6344
6993	3459
6993	7710
6998	8521
7003	3628
7003	2738
7003	4356
7003	405
7006	4320
7006	1274
7006	7743
7010	7549
7012	8604
7012	11549
7012	10410
7012	2433
7012	6287
7012	9192
7012	2238
7012	1530
7012	1912
7012	4262
7023	588
7023	3297
7023	10874
7025	8797
7025	9545
7025	1113
7025	6947
7025	6930
7037	2306
7042	10936
7059	4994
7061	1805
7061	10108
7061	6778
7061	6122
7069	7973
7069	407
7069	6338
7069	10042
7072	4246
7074	7517
7077	6625
7077	8501
7077	1344
7083	2512
7087	613
7087	10655
7087	5512
7088	9225
7089	2912
7089	878
7089	4413
7090	8831
7090	464
7090	7826
7091	6331
7091	9485
7094	8803
7094	5685
7095	704
7095	12016
7095	3647
7095	6960
7096	6005
7096	2813
7096	8747
7096	10146
7105	8999
7105	3221
7106	4097
7106	7636
7106	8737
7106	11878
7106	949
7106	1717
7106	10245
7113	10325
7117	2429
7117	10505
7120	4725
7120	4963
7121	5386
7121	1468
7129	7637
7129	301
7139	234
7139	9937
7139	5474
7139	9228
7142	1185
7142	9744
7142	3175
7147	1565
7147	2094
7147	5085
7150	5965
7150	4501
7150	452
7150	1630
7150	2655
7150	8417
7153	210
7154	1300
7154	4464
7163	972
7173	4757
7185	10312
7185	8086
7185	1977
7185	11546
7185	354
7185	5848
7185	6594
7185	10999
7186	789
7186	10547
7186	4280
7186	7539
7186	9050
7186	4274
7190	6910
7193	6701
7198	11210
7198	4579
7198	544
7201	8309
7201	10006
7201	2673
7204	9365
7204	2483
7205	3732
7206	6900
7208	4213
7208	8235
7208	10183
7209	7335
7209	7645
7213	3405
7217	2268
7220	6005
7220	2813
7220	8747
7220	10146
7222	9155
7222	10236
7222	6876
7234	4958
7234	8120
7234	1627
7234	4918
7234	8500
7234	168
7239	1561
7239	4919
7239	9138
7239	11381
7240	2526
7240	9566
7240	3516
7240	4481
7240	1822
7240	9207
7247	2639
7247	4568
7247	2496
7249	9527
7251	3769
7251	11123
7251	10859
7251	7423
7251	6313
7265	11076
7265	7038
7265	7824
7268	11076
7268	7038
7268	7824
7280	9285
7280	9905
7280	9076
7280	4316
7281	1048
7281	11539
7281	2462
7281	8007
7286	524
7286	9108
7288	8261
7297	4312
7300	11959
7300	3129
7310	5379
7310	8985
7313	10049
7314	27
7314	5569
7314	9782
7314	1297
7314	6202
7318	9995
7318	4748
7319	142
7319	1160
7319	7155
7319	626
7319	8697
7319	264
7326	1613
7326	7895
7326	9444
7346	4915
7346	6995
7346	3134
7346	7292
7346	7650
7347	1209
7347	1257
7347	3362
7347	1874
7353	3092
7353	9073
7354	9717
7354	9117
7356	2489
7357	9379
7357	5107
7359	7144
7359	4236
7359	3448
7376	4726
7376	3187
7381	2789
7386	1346
7386	7475
7386	8896
7387	6384
7387	10631
7387	2427
7387	3310
7387	4714
7387	10091
7387	2943
7387	6630
7387	8791
7387	10636
7390	3993
7394	8760
7394	7489
7394	3096
7394	169
7394	6700
7398	11371
7398	2599
7400	4559
7404	8257
7404	4557
7406	10767
7406	10700
7406	3196
7406	7051
7406	4452
7406	8881
7406	4819
7406	856
7414	5187
7431	3509
7431	10379
7431	2849
7431	11077
7431	5539
7434	4824
7434	11506
7434	10766
7434	3498
7434	5058
7434	7508
7434	3702
7434	3454
7445	447
7445	1698
7451	6321
7454	4057
7454	7687
7454	7378
7454	6802
7459	10325
7463	2151
7468	6048
7469	10005
7469	10561
7469	10486
7476	6840
7479	538
7479	3480
7481	7485
7487	4006
7490	5344
7490	3455
7491	8760
7491	7489
7491	3096
7491	169
7491	6700
7512	8122
7512	12013
7512	10710
7520	7048
7522	11431
7522	5632
7522	8439
7523	6623
7530	3048
7534	3622
7534	1254
7545	453
7546	7549
7547	7845
7547	1041
7547	8138
7547	1042
7547	3434
7550	2753
7550	10734
7550	10206
7550	10338
7556	2509
7556	7360
7558	4138
7558	8562
7563	4913
7563	10380
7563	1303
7563	6006
7563	1843
7563	844
7563	9745
7583	3331
7583	4140
7586	8511
7586	10333
7586	5458
7593	7448
7593	5942
7595	933
7595	8398
7595	10760
7595	7884
7599	4958
7599	8120
7599	1627
7599	4918
7599	8500
7599	168
7603	5421
7603	8655
7603	1970
7603	8892
7603	10039
7603	3087
7603	8987
7603	2261
7606	1723
7606	3015
7607	6645
7609	2389
7614	6900
7616	8797
7616	9545
7616	1113
7616	6947
7616	6930
7619	2912
7619	878
7619	4413
7621	4360
7621	5686
7621	8186
7621	7873
7621	11674
7621	7388
7621	11963
7624	10368
7624	775
7624	4400
7628	9998
7628	2513
7640	1248
7640	7716
7640	7575
7640	11331
7657	11897
7658	5782
7658	1615
7658	9094
7658	383
7658	855
7659	6380
7663	3904
7663	4342
7665	6803
7665	5147
7665	1036
7665	8973
7674	7132
7677	10320
7677	8641
7682	7283
7682	1250
7683	1683
7683	3832
7683	9844
7698	9148
7700	10687
7700	11073
7714	1248
7714	7716
7714	7575
7714	11331
7721	6830
7722	5370
7722	10988
7722	1034
7722	8543
7722	7275
7722	10284
7731	11640
7731	6689
7731	11197
7731	4015
7731	11839
7734	6701
7736	7737
7736	10817
7736	1716
7738	4862
7738	11004
7738	6661
7749	272
7749	7495
7749	1397
7749	8096
7749	347
7749	3853
7751	2084
7751	7322
7752	8045
7752	3167
7754	2526
7754	9566
7754	3516
7754	4481
7754	1822
7754	9207
7757	488
7758	2639
7758	4568
7758	2496
7760	6321
7762	7180
7762	1222
7763	7331
7765	11572
7765	20
7765	11747
7767	11956
7767	3736
7768	3897
7768	6021
7768	7724
7776	1185
7776	9744
7776	3175
7783	6429
7783	9101
7783	4377
7783	2057
7783	8437
7783	5511
7784	7143
7785	4994
7786	11810
7786	3367
7787	11043
7787	2670
7792	11405
7792	7672
7794	6380
7796	1532
7797	5937
7797	9243
7797	8593
7798	5811
7798	11223
7798	1109
7798	10119
7798	10901
7806	2984
7806	466
7806	1801
7806	2377
7806	4510
7810	5386
7810	1468
7811	740
7811	4044
7811	4934
7813	9941
7813	4690
7813	909
7813	1697
7813	4122
7813	4582
7813	11698
7816	250
7816	138
7817	9717
7817	9117
7829	7554
7829	6917
7835	3351
7835	4691
7835	4679
7841	5416
7841	9467
7841	7646
7841	2171
7841	966
7847	6943
7847	1972
7847	10404
7847	11966
7847	6057
7847	5630
7847	3209
7848	4025
7848	4971
7848	1758
7848	103
7848	10748
7851	11461
7851	12014
7851	8268
7851	3945
7851	1658
7855	5811
7855	11223
7855	1109
7855	10119
7855	10901
7863	1757
7863	4544
7870	12053
7870	2745
7872	8073
7881	6623
7900	1768
7900	2900
7902	4731
7902	12087
7902	9869
7902	3166
7902	2551
7902	7858
7908	6367
7908	6354
7908	316
7910	883
7910	837
7911	7912
7913	2677
7913	10756
7913	2722
7915	3282
7915	9736
7919	8644
7919	7262
7919	11750
7919	11830
7920	8644
7920	7262
7920	11750
7920	11830
7924	6943
7924	1972
7924	10404
7924	11966
7924	6057
7924	5630
7924	3209
7926	9039
7932	4725
7932	4963
7935	3272
7935	11782
7935	8185
7936	5463
7936	11727
7939	5659
7939	5949
7939	10648
7939	6231
7939	8924
7939	9813
7942	2731
7942	9307
7942	7830
7942	1985
7942	4912
7954	7161
7954	6024
7957	272
7957	7495
7957	1397
7957	8096
7957	347
7957	3853
7958	5965
7958	4501
7958	452
7958	1630
7958	2655
7958	8417
7961	4726
7961	3187
7970	2680
7985	710
7992	4213
7992	8235
7992	10183
7993	10573
8006	8669
8012	3671
8015	8999
8015	3221
8017	2081
8017	9240
8019	6623
8030	2803
8031	1193
8031	3913
8031	5009
8031	7519
8043	7160
8043	8825
8047	3628
8047	2738
8047	4356
8047	405
8059	2563
8059	6388
8065	7890
8065	4211
8065	9217
8065	10877
8065	4282
8065	1781
8065	11856
8085	3517
8085	10291
8085	10719
8108	4941
8108	10222
8108	10219
8108	7099
8108	10905
8118	7828
8118	8748
8129	6795
8129	7124
8129	4471
8129	4605
8129	5687
8129	2249
8137	234
8137	9937
8137	5474
8137	9228
8143	7304
8150	11764
8150	6758
8150	2232
8151	8526
8151	8013
8151	9679
8152	1308
8152	4268
8153	8644
8153	7262
8153	11750
8153	11830
8161	488
8163	11932
8163	288
8163	9710
8174	3130
8174	4841
8174	11993
8174	2544
8177	10411
8177	3072
8184	8904
8184	7903
8184	10230
8184	7001
8184	6088
8184	3047
8184	47
8184	7172
8190	175
8197	4531
8197	8622
8201	48
8205	4458
8205	11646
8205	8215
8205	7832
8207	4981
8207	5039
8207	9298
8207	1722
8211	7735
8211	10990
8217	6367
8217	6354
8217	316
8223	7180
8223	1222
8224	6713
8224	5513
8224	11881
8224	934
8224	4190
8224	3348
8226	11294
8226	4634
8226	3468
8226	8128
8226	9251
8226	3956
8228	4024
8228	6937
8228	3837
8228	3630
8229	5309
8229	10669
8229	9971
8229	6087
8231	8402
8244	9717
8244	9117
8247	2055
8249	331
8249	1528
8256	2444
8256	1428
8260	6113
8260	10732
8260	1612
8260	9618
8260	9664
8260	11239
8265	4267
8265	5600
8265	11798
8265	9299
8265	3774
8265	729
8265	9824
8265	9107
8265	10622
8266	8760
8266	7489
8266	3096
8266	169
8266	6700
8273	12060
8273	7170
8273	994
8276	7912
8279	8604
8279	11549
8279	10410
8279	2433
8279	6287
8279	9192
8279	2238
8279	1530
8279	1912
8279	4262
8280	1358
8281	558
8281	4010
8291	5162
8291	8481
8291	11694
8291	5672
8291	7667
8293	1110
8293	2295
8302	11710
8302	5202
8306	2378
8306	9535
8306	2583
8307	6321
8310	10842
8310	7421
8310	5822
8311	67
8315	6686
8315	3278
8317	10570
8317	898
8317	9157
8319	6542
8319	9042
8320	1180
8323	1583
8323	4883
8323	5666
8331	2959
8332	7828
8332	8748
8337	2719
8339	223
8339	5931
8339	9552
8339	11780
8341	1561
8341	4919
8341	9138
8341	11381
8347	5020
8347	2364
8347	2029
8347	6563
8347	5316
8348	8599
8354	7092
8361	2331
8364	272
8364	7495
8364	1397
8364	8096
8364	347
8364	3853
8375	3990
8383	9982
8383	6861
8386	1610
8386	423
8386	9951
8386	9355
8388	5619
8388	9139
8388	5332
8388	11791
8388	5961
8392	8122
8392	12013
8392	10710
8393	4678
8394	2084
8394	7322
8397	4404
8397	11008
8400	7462
8400	28
8407	3405
8409	142
8409	1160
8409	7155
8409	626
8409	8697
8409	264
8410	1952
8410	10958
8424	10411
8424	3072
8428	6005
8428	2813
8428	8747
8428	10146
8432	2391
8432	4465
8432	1506
8432	5628
8432	3330
8438	9854
8438	8591
8438	9389
8438	9053
8438	10691
8441	4734
8441	112
8441	10602
8441	11758
8441	7535
8442	541
8442	429
8442	6118
8442	639
8442	4206
8448	1193
8448	3913
8448	5009
8448	7519
8452	7803
8452	10453
8452	5152
8452	5210
8490	7828
8490	8748
8493	8604
8493	11549
8493	10410
8493	2433
8493	6287
8493	9192
8493	2238
8493	1530
8493	1912
8493	4262
8494	259
8494	7602
8498	4329
8498	98
8498	8932
8499	6215
8499	9610
8499	9128
8505	1677
8505	95
8509	11929
8509	7040
8509	9654
8509	9840
8509	4052
8512	1398
8512	2806
8520	4488
8520	5834
8520	2747
8520	4574
8520	2394
8523	1379
8523	4072
8533	4871
8535	2392
8535	7156
8535	1393
8535	10578
8549	1889
8549	1116
8549	9852
8552	8071
8559	11294
8559	4634
8559	3468
8559	8128
8559	9251
8559	3956
8567	10985
8567	4017
8567	3637
8573	11097
8573	7430
8573	10914
8574	8547
8574	9837
8577	5170
8577	3258
8577	6966
8577	10618
8581	5386
8581	1468
8584	2584
8584	1990
8584	10520
8584	6895
8585	11097
8585	7430
8585	10914
8589	117
8602	4871
8613	4025
8613	4971
8613	1758
8613	103
8613	10748
8615	6399
8615	10516
8630	3005
8633	7291
8634	9995
8634	4748
8635	6763
8640	536
8640	2840
8645	6331
8645	9485
8651	365
8658	5601
8664	2296
8664	2054
8664	6487
8677	7890
8677	4211
8677	9217
8677	10877
8677	4282
8677	1781
8677	11856
8680	8970
8680	94
8680	8376
8684	447
8684	1698
8688	2867
8688	3490
8695	9678
8695	838
8698	12060
8698	7170
8698	994
8718	7554
8718	6917
8719	250
8719	138
8730	557
8730	11199
8730	6613
8730	10753
8732	2789
8736	10555
8736	8787
8736	3111
8742	1613
8742	7895
8742	9444
8743	11897
8751	8749
8752	613
8752	10655
8752	5512
8761	9573
8761	9659
8761	3811
8765	4656
8765	299
8765	1336
8765	5561
8766	6639
8766	1904
8766	1441
8769	3589
8769	3361
8769	2805
8773	4444
8773	4694
8775	789
8775	10547
8775	4280
8775	7539
8775	9050
8775	4274
8778	6113
8778	10732
8778	1612
8778	9618
8778	9664
8778	11239
8783	2028
8784	3070
8784	5791
8784	11367
8784	9085
8784	1563
8784	9694
8784	7585
8784	1784
8785	1212
8785	4882
8786	1359
8788	4139
8788	6186
8788	2559
8788	1058
8790	691
8790	624
8790	8385
8794	7335
8794	7645
8795	1757
8795	4544
8798	7973
8798	407
8798	6338
8798	10042
8799	11207
8799	7024
8800	8678
8800	6039
8802	11252
8802	8243
8802	9377
8802	3385
8804	2470
8804	8116
8808	10257
8809	7554
8809	6917
8810	3102
8810	2570
8810	8195
8810	2663
8810	1837
8810	9731
8814	9607
8814	5486
8814	566
8816	9224
8816	2253
8817	1610
8817	423
8817	9951
8817	9355
8819	2151
8828	2028
8830	2994
8830	6121
8832	7335
8832	7645
8835	436
8836	10968
8836	3312
8836	12104
8836	9194
8836	3852
8839	6795
8839	7124
8839	4471
8839	4605
8839	5687
8839	2249
8841	262
8841	9649
8841	10422
8842	1653
8842	2447
8842	11514
8846	9670
8846	8246
8855	8735
8855	9478
8855	5023
8855	9218
8855	4674
8855	10703
8858	8970
8858	94
8858	8376
8873	9258
8873	6062
8873	5094
8873	12091
8873	5403
8873	7425
8879	1683
8879	3832
8879	9844
8885	3155
8885	6463
8885	9111
8888	9443
8888	8637
8888	2696
8893	3505
8893	1925
8895	3793
8895	11630
8895	7444
8895	7978
8898	12088
8900	2490
8900	10389
8901	9936
8918	536
8918	2840
8920	2081
8920	9240
8926	6803
8926	5147
8926	1036
8926	8973
8938	3919
8938	5655
8938	8980
8938	215
8938	6319
8938	5692
8955	3671
8957	12022
8957	6588
8957	7308
8961	3171
8961	3665
8964	710
8975	3505
8975	1925
8983	453
8990	6367
8990	6354
8990	316
8992	10573
8997	11357
9005	2994
9005	6121
9006	3589
9006	3361
9006	2805
9022	6399
9022	10516
9027	6713
9027	5513
9027	11881
9027	934
9027	4190
9027	3348
9029	2637
9029	2354
9029	11861
9029	11228
9029	3078
9029	7122
9038	5470
9038	11074
9038	1635
9041	11431
9041	5632
9041	8439
9047	557
9047	11199
9047	6613
9047	10753
9055	6215
9055	9610
9055	9128
9060	8872
9060	10479
9060	9186
9063	12062
9063	70
9063	11219
9081	4954
9081	5819
9081	7745
9081	700
9090	4127
9090	10890
9092	3628
9092	2738
9092	4356
9092	405
9099	704
9099	12016
9099	3647
9099	6960
9106	5370
9106	10988
9106	1034
9106	8543
9106	7275
9106	10284
9109	10172
9109	11909
9116	12088
9120	10570
9120	898
9120	9157
9129	2452
9132	11135
9133	3995
9133	12098
9133	865
9141	8904
9141	7903
9141	10230
9141	7001
9141	6088
9141	3047
9141	47
9141	7172
9146	4913
9146	10380
9146	1303
9146	6006
9146	1843
9146	844
9146	9745
9158	4213
9158	8235
9158	10183
9159	8735
9159	9478
9159	5023
9159	9218
9159	4674
9159	10703
9182	3272
9182	11782
9182	8185
9196	7548
9203	1587
9206	5242
9209	11929
9209	7040
9209	9654
9209	9840
9209	4052
9211	1889
9211	1116
9211	9852
9214	10977
9226	11956
9226	3736
9229	6715
9229	5842
9229	7774
9231	7363
9231	6580
9231	7282
9231	6657
9231	791
9231	2416
9233	4757
9234	7448
9234	5942
9245	9087
9245	6667
9245	8744
9257	12062
9257	70
9257	11219
9264	6565
9269	7485
9271	8729
9271	187
9271	1974
9271	9756
9272	4514
9272	1039
9272	1981
9272	10020
9279	1308
9279	4268
9280	8366
9280	11709
9282	4447
9287	9147
9287	2257
9287	8454
9287	5492
9287	1589
9287	3980
9287	4134
9287	9436
9296	5619
9296	9139
9296	5332
9296	11791
9296	5961
9300	1282
9301	10530
9301	6371
9301	902
9303	1329
9303	3607
9304	1593
9304	9689
9304	5952
9304	3566
9304	5734
9306	7875
9306	6603
9306	5728
9313	1300
9313	4464
9315	336
9315	177
9317	223
9317	5931
9317	9552
9317	11780
9322	8511
9322	10333
9322	5458
9326	11929
9326	7040
9326	9654
9326	9840
9326	4052
9337	4233
9337	10308
9339	1564
9339	9798
9341	8758
9345	10842
9345	7421
9345	5822
9352	8213
9352	486
9352	3054
9352	3717
9357	8170
9358	9039
9362	9360
9362	1489
9366	1671
9376	7180
9376	1222
9380	10530
9380	6371
9380	902
9381	175
9382	4855
9382	5973
9382	4672
9382	8427
9385	9087
9385	6667
9385	8744
9391	5343
9391	6344
9391	3459
9391	7710
9393	11943
9393	3616
9393	1744
9393	782
9393	6027
9395	1677
9395	95
9401	4425
9401	1920
9401	10251
9403	7712
9403	2060
9403	3932
9403	11941
9403	756
9404	1434
9404	2062
9404	6629
9404	6470
9404	9405
9404	10888
9406	4063
9406	4185
9406	10226
9409	9540
9409	5357
9409	10296
9409	7984
9413	10450
9413	6246
9413	10491
9420	9225
9422	1671
9429	9711
9429	7284
9459	4521
9460	7415
9460	9131
9463	4057
9463	7687
9463	7378
9463	6802
9471	2526
9471	9566
9471	3516
9471	4481
9471	1822
9471	9207
9472	11841
9472	2175
9472	6578
9472	12024
9472	10787
9472	7814
9472	9897
9479	6900
9487	4559
9489	10912
9497	1286
9497	10055
9497	4147
9497	3617
9497	8029
9497	3865
9497	6727
9510	9854
9510	8591
9510	9389
9510	9053
9510	10691
9512	6321
9515	3769
9515	11123
9515	10859
9515	7423
9515	6313
9517	4063
9517	4185
9517	10226
9532	9529
9537	9770
9537	1601
9537	8139
9539	11294
9539	4634
9539	3468
9539	8128
9539	9251
9539	3956
9542	5816
9546	11047
9559	2512
9562	6859
9599	2928
9612	8122
9612	12013
9612	10710
9613	9105
9613	334
9613	10390
9613	6982
9613	8569
9623	257
9624	10654
9624	9122
9626	9285
9626	9905
9626	9076
9626	4316
9630	11357
9632	7019
9632	7133
9638	4123
9638	12037
9638	4354
9643	1354
9643	2079
9643	10729
9643	3317
9643	8551
9644	1245
9644	9739
9644	11626
9645	4807
9645	7271
9645	11265
9650	10883
9650	5536
9663	6434
9663	11491
9663	11055
9663	11176
9663	4310
9663	8329
9666	9822
9669	8412
9669	11347
9673	7350
9673	6849
9673	10063
9673	1090
9674	5729
9674	5821
9674	3872
9674	8507
9674	3100
9674	3821
9674	1916
9677	8714
9677	4829
9677	5954
9692	824
9692	1898
9692	6151
9692	2756
9700	2087
9700	4191
9701	4731
9701	12087
9701	9869
9701	3166
9701	2551
9701	7858
9704	9995
9704	4748
9705	9564
9705	77
9705	2703
9705	2521
9705	10750
9705	8183
9707	11343
9707	4045
9707	9475
9708	4824
9708	11506
9708	10766
9708	3498
9708	5058
9708	7508
9708	3702
9708	3454
9709	4306
9709	2450
9709	5969
9709	2361
9727	2489
9728	2470
9728	8116
9729	7161
9729	6024
9730	1211
9730	1966
9730	3239
9732	4977
9732	2975
9732	11958
9732	1867
9732	10213
9740	10402
9740	4960
9741	2296
9741	2054
9741	6487
9751	2719
9755	10687
9755	11073
9757	11087
9760	620
9760	2287
9763	6525
9763	8084
9768	8126
9768	10393
9769	1852
9769	11308
9773	7532
9773	12032
9776	1043
9776	7416
9776	1794
9779	3819
9779	7034
9779	669
9779	5781
9779	3750
9783	4913
9783	10380
9783	1303
9783	6006
9783	1843
9783	844
9783	9745
9796	7283
9796	1250
9799	10597
9799	6815
9799	2011
9799	7791
9799	3154
9799	6437
9799	1793
9799	3564
9799	8179
9799	158
9799	4594
9799	9130
9802	10543
9802	10879
9802	9687
9802	4744
9805	9803
9809	11847
9809	3694
9809	5136
9809	481
9809	5806
9809	4119
9810	835
9810	2511
9810	8095
9821	257
9828	11156
9838	4913
9838	10380
9838	1303
9838	6006
9838	1843
9838	844
9838	9745
9845	8399
9855	10459
9855	10301
9855	10249
9855	9201
9855	9775
9856	10864
9856	4116
9856	7543
9856	380
9861	11395
9861	1015
9861	7194
9861	6124
9865	1924
9865	5776
9877	11795
9878	11764
9878	6758
9878	2232
9891	9890
9891	937
9891	4155
9895	8526
9895	8013
9895	9679
9909	10555
9909	8787
9909	3111
9913	9162
9913	10937
9914	3373
9914	8148
9917	9936
9919	4063
9919	4185
9919	10226
9920	6331
9920	9485
9926	3918
9928	7448
9928	5942
9932	8663
9932	4265
9940	8045
9940	3167
9949	50
9949	2982
9949	9834
9954	8547
9954	9837
9958	7712
9958	2060
9958	3932
9958	11941
9958	756
9965	290
9965	3757
9965	1292
9965	441
9965	7513
9974	10496
9976	1193
9976	3913
9976	5009
9976	7519
9977	2525
9977	3376
9984	4006
9985	1043
9985	7416
9985	1794
9989	9258
9989	6062
9989	5094
9989	12091
9989	5403
9989	7425
9991	1212
9991	4882
9992	1823
9992	6589
9992	8582
9994	8618
9994	3944
10002	10362
10002	9972
10002	3771
10002	5181
10002	7085
10007	2584
10007	1990
10007	10520
10007	6895
10008	4807
10008	7271
10008	11265
10018	9183
10019	8968
10019	2905
10019	3964
10019	5434
10019	421
10019	3737
10021	11274
10022	2268
10025	7086
10025	2464
10025	11139
10025	8683
10027	8968
10027	2905
10027	3964
10027	5434
10027	421
10027	3737
10030	7132
10037	6330
10037	11360
10037	11319
10037	9609
10037	11867
10045	10402
10045	4960
10046	1329
10046	3607
10047	4320
10047	1274
10047	7743
10052	6542
10052	9042
10053	9998
10053	2513
10057	11314
10057	2972
10057	11385
10061	11932
10061	288
10061	9710
10062	8257
10062	4557
10064	11968
10076	6164
10076	10023
10080	8729
10080	187
10080	1974
10080	9756
10086	262
10086	9649
10086	10422
10093	9365
10093	2483
10099	9854
10099	8591
10099	9389
10099	9053
10099	10691
10100	12023
10100	4137
10100	10142
10100	10683
10100	9800
10102	11376
10102	11763
10104	6712
10104	2016
10104	8050
10109	9890
10109	937
10109	4155
10121	10312
10121	8086
10121	1977
10121	11546
10121	354
10121	5848
10121	6594
10121	10999
10124	2582
10131	5746
10131	7045
10131	3987
10131	10650
10131	3701
10131	814
10131	2380
10131	11936
10132	1846
10132	2326
10135	1995
10138	4521
10145	5541
10145	7385
10148	2637
10148	2354
10148	11861
10148	11228
10148	3078
10148	7122
10149	6036
10149	3567
10155	11076
10155	7038
10155	7824
10156	5421
10156	8655
10156	1970
10156	8892
10156	10039
10156	3087
10156	8987
10156	2261
10157	11343
10157	4045
10157	9475
10163	2881
10163	1215
10163	6442
10167	2134
10167	2979
10167	11006
10178	11683
10178	3931
10178	9621
10180	11087
10181	667
10181	8252
10181	53
10181	3327
10181	5145
10184	8696
10184	10370
10184	1531
10189	7549
10192	540
10195	89
10195	7369
10196	6061
10196	1690
10196	11312
10198	6838
10198	3959
10198	8513
10205	3995
10205	12098
10205	865
10211	10430
10211	5122
10211	4793
10211	6213
10211	4088
10214	4488
10214	5834
10214	2747
10214	4574
10214	2394
10215	336
10215	177
10220	538
10220	3480
10223	2928
10224	1997
10224	8284
10224	3741
10239	2452
10241	2709
10244	4127
10244	10890
10248	6002
10248	7436
10248	3579
10261	7160
10261	8825
10264	3048
10266	2882
10266	410
10269	7092
10270	64
10274	584
10274	9477
10274	5006
10277	8729
10277	187
10277	1974
10277	9756
10288	10842
10288	7421
10288	5822
10289	550
10289	6632
10294	10933
10294	10290
10294	6184
10295	2392
10295	7156
10295	1393
10295	10578
10304	1889
10304	1116
10304	9852
10316	5470
10316	11074
10316	1635
10318	1593
10318	9689
10318	5952
10318	3566
10318	5734
10326	6399
10326	10516
10329	8599
10337	6830
10339	933
10339	8398
10339	10760
10339	7884
10341	11795
10347	210
10352	10467
10354	11437
10364	9024
10364	8488
10364	10784
10364	10384
10372	2042
10372	4996
10372	1859
10376	3351
10376	4691
10376	4679
10378	547
10378	8827
10381	620
10381	2287
10386	6795
10386	7124
10386	4471
10386	4605
10386	5687
10386	2249
10387	5095
10387	11915
10392	7243
10392	3188
10401	50
10401	2982
10401	9834
10403	609
10403	9520
10403	12074
10403	11011
10407	6645
10408	8604
10408	11549
10408	10410
10408	2433
10408	6287
10408	9192
10408	2238
10408	1530
10408	1912
10408	4262
10409	6557
10409	5397
10409	4622
10409	1032
10409	4179
10409	7820
10409	6258
10409	6200
10409	12095
10417	7363
10417	6580
10417	7282
10417	6657
10417	791
10417	2416
10419	7549
10420	10182
10424	2881
10424	1215
10424	6442
10425	11043
10425	2670
10431	2539
10434	890
10434	9889
10435	4426
10435	3961
10435	6166
10435	6020
10435	5342
10435	2234
10435	6996
10436	48
10439	704
10439	12016
10439	3647
10439	6960
10440	10238
10440	6499
10445	11423
10445	3684
10448	223
10448	5931
10448	9552
10448	11780
10454	8314
10454	2807
10454	4572
10454	8596
10454	9200
10454	928
10454	6413
10457	11135
10465	2563
10465	6388
10477	10687
10477	11073
10478	8508
10478	1714
10478	9696
10478	8915
10480	7086
10480	2464
10480	11139
10480	8683
10483	4029
10483	8925
10483	8308
10483	4942
10483	2194
10489	9379
10489	5107
10492	6900
10494	412
10503	1211
10503	1966
10503	3239
10507	4734
10507	112
10507	10602
10507	11758
10507	7535
10511	10467
10512	4098
10512	2823
10512	7756
10512	3562
10514	5162
10514	8481
10514	11694
10514	5672
10514	7667
10515	9614
10515	11783
10515	2744
10517	2628
10518	5162
10518	8481
10518	11694
10518	5672
10518	7667
10522	6904
10524	7741
10534	1265
10534	11668
10534	10586
10534	2780
10534	8686
10534	5640
10546	3947
10546	4497
10546	3349
10546	5452
10546	741
10550	4502
10551	11376
10551	11763
10560	1593
10560	9689
10560	5952
10560	3566
10560	5734
10563	4404
10563	11008
10568	2170
10584	1264
10584	1232
10584	6228
10585	2803
10590	10005
10590	10561
10590	10486
10596	4158
10596	2814
10599	4463
10599	1442
10601	1683
10601	3832
10601	9844
10604	4029
10604	8925
10604	8308
10604	4942
10604	2194
10608	2539
10609	3849
10609	4873
10609	6719
10609	2623
10609	5693
10611	8051
10611	11291
10613	2325
10613	6936
10613	8479
10613	5817
10613	8353
10621	3622
10621	1254
10623	1379
10623	4072
10628	9181
10628	8935
10628	7259
10628	3234
10632	4447
10639	9995
10639	4748
10640	591
10649	1993
10652	3835
10652	11479
10653	9597
10653	8270
10659	12062
10659	70
10659	11219
10661	2470
10661	8116
10664	4463
10664	1442
10679	847
10679	9947
10679	6631
10679	8340
10679	11873
10679	2154
10679	948
10679	7195
10679	5088
10696	3005
10697	9013
10713	4673
10715	1383
10715	4576
10715	3576
10715	3488
10715	985
10715	11772
10715	6238
10716	5257
10716	3117
10718	8126
10718	10393
10720	4488
10720	5834
10720	2747
10720	4574
10720	2394
10721	89
10721	7369
10725	9941
10725	4690
10725	909
10725	1697
10725	4122
10725	4582
10725	11698
10727	4511
10727	7389
10733	48
10738	3615
10738	8373
10738	6873
10738	864
10738	8263
10738	6809
10738	4194
10754	4097
10754	7636
10754	8737
10754	11878
10754	949
10754	1717
10754	10245
10762	8459
10775	9024
10775	8488
10775	10784
10775	10384
10781	524
10781	9108
10786	6763
10791	6892
10791	11836
10799	2970
10799	3126
10799	4763
10805	4580
10805	3886
10805	146
10805	9831
10805	1107
10805	10334
10805	11807
10805	553
10805	5499
10806	7057
10806	4166
10806	11730
10807	5792
10807	10755
10807	10835
10809	6830
10815	1924
10815	5776
10819	11531
10822	6429
10822	9101
10822	4377
10822	2057
10822	8437
10822	5511
10824	7671
10824	3142
10825	3405
10826	10430
10826	5122
10826	4793
10826	6213
10826	4088
10830	10430
10830	5122
10830	4793
10830	6213
10830	4088
10833	9162
10833	10937
10839	10864
10839	4116
10839	7543
10839	380
10840	3732
10841	5168
10841	332
10844	6943
10844	1972
10844	10404
10844	11966
10844	6057
10844	5630
10844	3209
10855	1212
10855	4882
10857	1565
10857	2094
10857	5085
10865	7291
10869	9365
10869	2483
10876	7875
10876	6603
10876	5728
10882	5727
10882	5062
10895	1610
10895	423
10895	9951
10895	9355
10896	10936
10908	6091
10908	823
10908	1096
10908	1450
10911	677
10917	2444
10917	1428
10925	9793
10946	10945
10946	1464
10947	375
10947	4348
10947	10850
10949	2042
10949	4996
10949	1859
10951	10797
10959	5344
10959	3455
10960	10883
10960	5536
10963	11203
10963	2743
10975	10530
10975	6371
10975	902
10980	11897
10983	4246
10996	123
10996	3901
11000	11968
11020	7371
11021	3671
11025	76
11027	1384
11031	6565
11032	2694
11032	9009
11032	3345
11034	3849
11034	4873
11034	6719
11034	2623
11034	5693
11035	2803
11040	290
11040	3757
11040	1292
11040	441
11040	7513
11041	11965
11048	691
11048	624
11048	8385
11052	4953
11052	7480
11054	9360
11054	1489
11058	331
11058	1528
11061	2429
11061	10505
11066	3624
11066	3520
11066	11201
11071	1823
11071	6589
11071	8582
11072	4941
11072	10222
11072	10219
11072	7099
11072	10905
11081	9941
11081	4690
11081	909
11081	1697
11081	4122
11081	4582
11081	11698
11084	1398
11084	2806
11090	1469
11090	10591
11091	9148
11101	10402
11101	4960
11108	10013
11108	5667
11108	1066
11108	1014
11108	6520
11110	6331
11110	9485
11115	4117
11115	3923
11115	9156
11119	6330
11119	11360
11119	11319
11119	9609
11119	11867
11124	7761
11133	6179
11133	6047
11137	7849
11137	8930
11138	2085
11148	847
11148	9947
11148	6631
11148	8340
11148	11873
11148	2154
11148	948
11148	7195
11148	5088
11155	10778
11157	10368
11157	775
11157	4400
11160	2134
11160	2979
11160	11006
11163	8831
11163	464
11163	7826
11165	2882
11165	410
11174	6164
11174	10023
11179	4426
11179	3961
11179	6166
11179	6020
11179	5342
11179	2234
11179	6996
11187	8209
11187	1154
11187	3250
11191	2887
11191	320
11191	3888
11198	3155
11198	6463
11198	9111
11200	11215
11205	11097
11205	7430
11205	10914
11214	4698
11214	9916
11214	8715
11216	4098
11216	2823
11216	7756
11216	3562
11218	11841
11218	2175
11218	6578
11218	12024
11218	10787
11218	7814
11218	9897
11220	3646
11220	4975
11232	11215
11235	9607
11235	5486
11235	566
11237	3947
11237	4497
11237	3349
11237	5452
11237	741
11240	2582
11244	550
11244	6632
11251	2637
11251	2354
11251	11861
11251	11228
11251	3078
11251	7122
11263	6061
11263	1690
11263	11312
11267	3171
11267	3665
11268	488
11269	3646
11269	4975
11276	3102
11276	2570
11276	8195
11276	2663
11276	1837
11276	9731
11283	557
11283	11199
11283	6613
11283	10753
11296	3990
11300	3005
11311	7057
11311	4166
11311	11730
11316	1852
11316	11308
11323	3272
11323	11782
11323	8185
11325	550
11325	6632
11334	11294
11334	4634
11334	3468
11334	8128
11334	9251
11334	3956
11337	8628
11337	1350
11338	11043
11338	2670
11341	1282
11354	5168
11354	332
11356	2584
11356	1990
11356	10520
11356	6895
11361	6859
11365	5727
11365	5062
11373	558
11373	4010
11379	7548
11382	7808
11386	6871
11387	8797
11387	9545
11387	1113
11387	6947
11387	6930
11391	6715
11391	5842
11391	7774
11393	11395
11393	1015
11393	7194
11393	6124
11396	2984
11396	466
11396	1801
11396	2377
11396	4510
11401	5782
11401	1615
11401	9094
11401	383
11401	855
11403	12053
11403	2745
11410	5708
11410	10200
11414	4093
11414	11779
11424	11423
11424	3684
11425	11357
11432	188
11432	8061
11435	10797
11456	3171
11456	3665
11459	8304
11459	1482
11460	2827
11462	11653
11462	3911
11462	10740
11462	8227
11462	7071
11462	10761
11462	7035
11464	8943
11473	2268
11475	2085
11477	257
11484	8904
11484	7903
11484	10230
11484	7001
11484	6088
11484	3047
11484	47
11484	7172
11486	3575
11496	5659
11496	5949
11496	10648
11496	6231
11496	8924
11496	9813
11500	9258
11500	6062
11500	5094
11500	12091
11500	5403
11500	7425
11501	7371
11502	4881
11502	7995
11502	3763
11512	1282
11518	2525
11518	3376
11525	8511
11525	10333
11525	5458
11528	10280
11528	43
11528	8028
11532	7849
11532	8930
11540	4029
11540	8925
11540	8308
11540	4942
11540	2194
11541	11923
11541	10252
11541	5409
11541	7653
11541	4157
11541	2376
11544	331
11544	1528
11547	1043
11547	7416
11547	1794
11548	3878
11548	796
11551	8548
11568	4906
11568	9490
11574	9288
11580	2080
11580	6770
11581	11252
11581	8243
11581	9377
11581	3385
11582	8508
11582	1714
11582	9696
11582	8915
11586	1245
11586	9739
11586	11626
11588	4807
11588	7271
11588	11265
11591	2709
11595	6840
11598	7410
11601	4946
11601	11800
11601	7316
11606	7438
11607	2970
11607	3126
11607	4763
11608	2509
11608	7360
11609	2970
11609	3126
11609	4763
11615	5965
11615	4501
11615	452
11615	1630
11615	2655
11615	8417
11620	11092
11620	5694
11620	1407
11620	10455
11620	1378
11623	1354
11623	2079
11623	10729
11623	3317
11623	8551
11625	2452
11634	10320
11634	8641
11637	7875
11637	6603
11637	5728
11647	2378
11647	9535
11647	2583
11651	4097
11651	7636
11651	8737
11651	11878
11651	949
11651	1717
11651	10245
11659	8312
11659	10873
11659	2741
11659	5758
11659	4732
11659	6119
11659	995
11662	9564
11662	77
11662	2703
11662	2521
11662	10750
11662	8183
11665	1346
11665	7475
11665	8896
11667	11210
11667	4579
11667	544
11669	2854
11669	3204
11679	1593
11679	9689
11679	5952
11679	3566
11679	5734
11691	3878
11691	796
11692	3256
11692	6556
11692	2713
11693	5242
11695	11841
11695	2175
11695	6578
11695	12024
11695	10787
11695	7814
11695	9897
11700	1329
11700	3607
11704	2584
11704	1990
11704	10520
11704	6895
11706	4592
11706	3674
11706	6110
11706	2565
11711	4463
11711	1442
11713	9793
11723	3058
11723	197
11725	10767
11725	10700
11725	3196
11725	7051
11725	4452
11725	8881
11725	4819
11725	856
11729	7180
11729	1222
11731	7462
11731	28
11732	9183
11733	3622
11733	1254
11745	588
11745	3297
11745	10874
11748	3365
11773	7295
11773	10992
11777	10864
11777	4116
11777	7543
11777	380
11796	6423
11797	7410
11799	10450
11799	6246
11799	10491
11801	7331
11809	2912
11809	878
11809	4413
11813	5216
11819	5792
11819	10755
11819	10835
11820	7737
11820	10817
11820	1716
11824	9597
11824	8270
11827	6429
11827	9101
11827	4377
11827	2057
11827	8437
11827	5511
11829	3517
11829	10291
11829	10719
11834	835
11834	2511
11834	8095
11837	10821
11837	6656
11842	8369
11842	3966
11842	727
11842	8638
11842	5418
11851	9474
11862	11793
11862	5148
11862	245
11884	4862
11884	11004
11884	6661
11892	11252
11892	8243
11892	9377
11892	3385
11900	11405
11900	7672
11906	3745
11919	10818
11919	8426
11919	3043
11919	2764
11919	7589
11919	3645
11919	585
11920	365
11930	3615
11930	8373
11930	6873
11930	864
11930	8263
11930	6809
11930	4194
11935	3632
11935	4453
11935	11037
11937	4123
11937	12037
11937	4354
11939	2637
11939	2354
11939	11861
11939	11228
11939	3078
11939	7122
11940	10767
11940	10700
11940	3196
11940	7051
11940	4452
11940	8881
11940	4819
11940	856
11942	4329
11942	98
11942	8932
11945	10933
11945	10290
11945	6184
11961	8434
11961	10004
11961	4768
11961	8626
11962	1384
11967	8352
11967	6263
11970	591
11971	10365
11971	9026
11972	4306
11972	2450
11972	5969
11972	2361
11976	4807
11976	7271
11976	11265
11977	4158
11977	2814
11979	6525
11979	8084
11984	4138
11984	8562
11987	9945
11987	4026
11995	6892
11995	11836
11996	2984
11996	466
11996	1801
11996	2377
11996	4510
11999	8976
12000	1677
12000	95
12002	1469
12002	10591
12007	1583
12007	4883
12007	5666
12008	1561
12008	4919
12008	9138
12008	11381
12011	2863
12011	7030
12012	10883
12012	5536
12026	1621
12026	18
12030	9890
12030	937
12030	4155
12038	6855
12038	3801
12038	5907
12043	541
12043	429
12043	6118
12043	639
12043	4206
12044	11107
12047	1059
12047	9137
12055	7890
12055	4211
12055	9217
12055	10877
12055	4282
12055	1781
12055	11856
12061	4954
12061	5819
12061	7745
12061	700
12064	11247
12064	4217
12064	8321
12065	1110
12065	2295
12067	2970
12067	3126
12067	4763
12068	10964
12068	8099
12072	2286
12075	2134
12075	2979
12075	11006
12081	3819
12081	7034
12081	669
12081	5781
12081	3750
12085	2301
12089	1993
12102	7046
12102	8661
12102	11610
12103	9388
12103	4513
12111	12022
12111	6588
12111	7308
