1	6618
3	8109
4	1594
9	11728
9	11275
9	7022
9	1670
13	6748
13	7618
13	9600
30	11183
30	7365
30	1891
30	9780
32	5436
32	11740
32	2508
38	5914
39	6004
39	5055
40	10130
40	2707
40	4355
40	4820
40	9330
40	8710
40	3642
46	3257
46	6059
56	7950
56	3097
56	9238
56	3546
56	7869
57	8886
57	3850
57	1870
57	7594
57	4012
57	4537
59	61
59	1077
59	11429
59	4990
59	2244
59	3967
68	5584
82	11816
82	2363
82	5993
82	7892
84	7807
84	1131
86	3981
86	315
86	2076
87	8248
87	4662
87	8419
87	5051
92	2443
102	11545
102	10207
102	6841
102	6879
102	4016
102	1954
102	8510
105	6037
105	2349
105	6216
105	10940
118	6037
118	2349
118	6216
118	10940
121	6396
121	5989
121	8909
126	4013
135	6697
135	754
140	6748
140	7618
140	9600
147	6016
147	11997
147	940
147	4020
147	6219
147	8542
166	7839
166	3614
171	8418
171	3172
171	10112
176	4013
178	4724
178	7192
178	4060
185	1795
185	7557
185	1815
194	7104
194	3679
194	6761
194	2072
206	366
206	5163
206	10246
206	1449
213	4243
213	10281
213	9312
214	12106
214	7793
216	11924
216	4741
216	10962
216	392
217	12106
217	7793
230	1807
230	9975
237	10396
238	306
238	3767
239	306
239	3767
241	2705
241	6296
241	8708
242	733
242	9978
242	9286
251	8468
251	11592
253	1864
253	1495
253	4899
253	6847
253	2064
255	9283
263	11404
266	1207
266	11017
266	2855
266	5017
268	1161
268	1806
268	10531
269	10995
269	11190
277	5155
277	6187
277	4331
277	1461
278	4243
278	10281
278	9312
279	6250
279	12070
279	2188
284	11718
284	3404
292	5660
293	2809
295	8554
297	9469
297	5998
297	8089
300	3538
300	4814
302	5641
302	12
302	7184
303	4303
303	182
303	9557
308	1537
308	10577
308	11075
308	3042
308	8380
308	10421
308	2066
308	10540
308	761
308	11057
314	9935
319	8763
319	913
319	7560
324	11855
324	10237
338	9058
338	8356
338	1534
345	9166
345	4363
356	4160
356	7340
357	2705
357	6296
357	8708
359	9747
359	6339
359	1266
363	6232
363	5333
368	5155
368	6187
368	4331
368	1461
379	10935
396	11493
396	1427
396	2184
401	9758
401	10134
401	951
401	8679
401	9091
401	415
404	6893
404	2737
404	1600
406	9248
413	1909
413	7521
413	6731
413	9887
413	4398
414	2007
414	7098
414	1651
417	1094
417	1322
425	7361
425	6284
433	9446
433	3332
437	7862
438	110
443	10846
443	10188
443	10115
446	8282
450	116
450	11086
450	3338
450	1796
459	848
459	7804
459	2248
470	11222
470	6973
471	6431
471	7696
471	4311
471	6611
471	7527
480	8297
480	271
484	11407
484	283
492	8673
492	8986
497	3472
497	6767
509	5436
509	11740
509	2508
512	11310
514	1295
514	6560
514	11857
514	12083
514	7419
518	2420
519	4473
519	4651
519	5517
522	7472
522	9102
522	8768
522	9619
526	2220
526	6014
530	5718
531	12100
531	10367
546	1679
549	892
549	4772
549	4888
551	1088
551	7229
551	4920
551	7693
555	9554
555	463
555	3929
555	6225
555	8303
564	1979
564	1083
564	642
567	4459
568	1537
568	10577
568	11075
568	3042
568	8380
568	10421
568	2066
568	10540
568	761
568	11057
574	7261
574	9771
575	4248
575	8556
575	4985
576	7669
576	1392
576	867
578	3669
578	604
579	4482
579	11982
580	6194
580	5053
583	11217
583	7778
583	10072
583	1053
583	4170
583	4339
590	11433
596	4504
596	6670
603	3800
603	8172
603	10538
603	9754
603	11676
605	4030
605	10816
605	5393
605	7493
605	5980
621	11627
621	502
621	6822
621	6529
629	10302
629	8275
629	5369
629	644
629	4589
632	5733
635	11488
635	10532
635	9481
637	7253
637	10607
637	6771
641	8395
643	4037
643	7321
643	6496
648	1050
648	7043
648	11585
652	2141
655	1821
655	9430
655	4570
655	4288
655	1213
655	8103
655	886
656	11573
656	2277
656	4077
658	3661
660	7464
660	3273
661	4907
661	8381
665	7270
665	5092
665	243
670	489
670	2883
673	3350
673	9725
673	11689
681	8115
681	6494
686	3631
693	2068
693	8125
693	3957
696	7104
696	3679
696	6761
696	2072
699	10706
699	416
699	4998
714	9446
714	3332
718	5812
718	8995
721	5383
721	12015
721	4607
725	10324
725	1362
725	7494
725	3603
725	3856
725	794
730	7566
730	4825
735	6697
735	754
743	6385
743	11131
746	7562
749	7631
749	3565
752	11538
752	9456
752	755
763	5587
763	4411
763	4893
767	1989
768	1818
768	10199
768	6245
769	8142
769	6990
769	10509
773	9302
773	9860
781	1069
781	10470
787	9342
787	724
793	85
793	8571
793	9255
793	7307
797	8942
797	270
803	10549
803	5180
803	10689
803	5184
803	8529
803	5141
803	1737
803	60
803	6680
806	61
806	1077
806	11429
806	4990
806	2244
806	3967
810	10066
813	2086
818	3007
829	11488
829	10532
829	9481
842	6544
842	5525
843	9088
843	3591
846	3035
846	2340
846	2601
846	2124
852	4161
852	11003
852	5254
853	11183
853	7365
853	1891
853	9780
874	10549
874	5180
874	10689
874	5184
874	8529
874	5141
874	1737
874	60
874	6680
880	8942
880	270
885	1881
885	141
885	181
887	5410
917	819
921	9079
922	10549
922	5180
922	10689
922	5184
922	8529
922	5141
922	1737
922	60
922	6680
938	2617
938	5679
938	7260
941	7212
941	2567
941	8649
941	4812
941	2627
941	3791
950	819
952	7102
953	1453
953	8301
953	4367
957	65
958	9408
962	4517
964	8605
964	6643
964	11342
970	6748
970	7618
970	9600
973	1413
973	4997
974	5584
979	296
979	6422
979	8216
980	8681
980	2981
980	6591
988	4161
988	11003
988	5254
999	6697
999	754
1005	393
1005	4333
1005	10630
1005	4275
1005	1226
1005	5057
1005	3430
1005	8359
1005	11848
1008	4459
1020	10259
1020	4827
1020	10802
1026	3487
1026	2139
1027	748
1044	1465
1044	8876
1044	10644
1047	8248
1047	4662
1047	8419
1047	5051
1049	5266
1049	9021
1049	4798
1049	4382
1054	9100
1054	1223
1054	3973
1057	6544
1057	5525
1060	1779
1070	2366
1070	1553
1070	6141
1073	1594
1078	5430
1078	11014
1078	1218
1078	3052
1079	5830
1079	560
1085	617
1086	3321
1086	11619
1095	6459
1095	7123
1095	9660
1100	473
1100	6775
1100	11724
1100	2901
1102	11195
1102	4368
1102	2476
1102	5024
1103	4706
1103	3760
1103	1439
1112	11493
1112	1427
1112	2184
1114	5769
1115	1901
1115	8457
1115	7771
1118	9342
1118	724
1119	8928
1119	6033
1119	4111
1119	11759
1119	9568
1119	9826
1128	4169
1128	10120
1128	8756
1128	8600
1128	7274
1128	1371
1132	720
1132	9987
1132	10254
1136	11012
1142	5498
1142	2873
1142	2119
1153	11718
1153	3404
1162	9446
1162	3332
1167	3777
1167	1202
1167	2717
1170	6056
1175	11957
1175	7676
1175	8861
1175	6740
1175	11869
1178	7566
1178	4825
1179	5681
1179	8423
1188	675
1192	5681
1192	8423
1197	11611
1197	10743
1197	9656
1197	10572
1200	5968
1204	11488
1204	10532
1204	9481
1205	5605
1205	9549
1205	10287
1205	2240
1206	6452
1208	3284
1208	1071
1208	1767
1216	3795
1216	9753
1217	9397
1217	8939
1224	11855
1224	10237
1230	4664
1230	7922
1230	11511
1230	8812
1234	9440
1235	10768
1236	11728
1236	11275
1236	7022
1236	1670
1238	10768
1244	9386
1244	12027
1246	3666
1253	4818
1253	631
1253	9923
1253	7947
1253	9036
1262	10935
1268	7177
1268	1375
1268	7076
1268	11238
1268	17
1268	8225
1268	8850
1273	10789
1273	5929
1273	8823
1279	3899
1280	5013
1280	9236
1280	11483
1280	445
1283	4243
1283	10281
1283	9312
1285	10860
1285	6092
1285	12046
1285	3009
1288	21
1289	6361
1289	3200
1293	490
1293	8011
1293	1339
1298	5306
1304	5150
1304	1576
1304	2746
1305	11896
1305	10566
1305	4959
1306	8489
1306	9548
1309	5498
1309	2873
1309	2119
1315	7927
1315	6075
1315	4933
1318	8248
1318	4662
1318	8419
1318	5051
1321	5765
1321	5638
1340	1666
1340	9431
1340	11951
1342	1331
1343	3487
1343	2139
1348	2809
1363	8300
1363	8859
1363	2321
1363	5412
1363	7409
1363	11281
1363	11821
1367	2681
1367	7392
1367	9767
1368	4517
1386	8516
1390	7177
1390	1375
1390	7076
1390	11238
1390	17
1390	8225
1390	8850
1394	7028
1394	3486
1395	4664
1395	7922
1395	11511
1395	8812
1400	11760
1401	5540
1409	826
1409	4860
1420	3681
1420	8667
1420	10657
1420	9428
1420	6312
1422	5662
1431	9276
1432	10508
1432	828
1432	2564
1432	8062
1437	8519
1437	10801
1437	2095
1437	9661
1443	3669
1443	604
1448	7866
1448	6916
1448	1527
1451	9668
1451	2527
1457	6355
1471	2141
1476	9179
1476	12036
1476	339
1476	5203
1490	8466
1490	8745
1492	1818
1492	10199
1492	6245
1493	4420
1493	11224
1509	6634
1509	7782
1509	4843
1514	4430
1514	7612
1514	3828
1514	581
1518	7177
1518	1375
1518	7076
1518	11238
1518	17
1518	8225
1518	8850
1526	455
1539	7002
1539	9839
1542	4907
1542	8381
1544	5924
1544	11329
1544	7364
1549	2835
1549	8371
1549	1808
1549	4989
1549	5043
1549	5303
1549	2463
1554	6385
1554	11131
1567	7880
1569	8489
1569	9548
1572	11313
1572	10335
1572	7587
1572	3442
1573	4902
1573	3844
1577	1557
1577	2776
1577	4199
1586	9342
1586	724
1599	709
1602	2797
1606	3435
1606	8052
1606	11262
1615	3085
1615	11411
1620	5368
1620	1902
1620	7652
1620	981
1620	6751
1634	9124
1634	4767
1640	647
1640	9888
1640	4263
1640	3690
1646	3862
1652	6461
1652	11755
1652	7694
1655	11794
1655	6221
1655	9502
1659	9781
1659	1555
1659	8169
1659	6480
1669	420
1669	6765
1669	1585
1669	535
1669	7503
1669	5433
1669	616
1676	7963
1676	6462
1676	6790
1676	12025
1682	7946
1682	8232
1686	720
1686	9987
1686	10254
1692	8685
1692	8042
1699	5853
1699	10103
1699	7651
1699	3910
1699	10113
1699	5878
1699	11336
1702	1091
1702	645
1702	10461
1702	7951
1702	10831
1702	408
1703	6361
1703	3200
1705	11863
1705	6554
1705	12078
1705	9008
1705	10853
1705	9990
1705	2229
1710	9801
1710	4224
1710	1892
1711	10309
1711	1830
1711	2742
1711	10048
1718	11728
1718	11275
1718	7022
1718	1670
1719	1894
1719	5583
1720	861
1727	7963
1727	6462
1727	6790
1727	12025
1729	11508
1729	2309
1739	7232
1739	2641
1739	4627
1739	11184
1747	8928
1747	6033
1747	4111
1747	11759
1747	9568
1747	9826
1748	7212
1748	2567
1748	8649
1748	4812
1748	2627
1748	3791
1754	10371
1754	373
1755	11070
1755	9868
1755	1570
1755	6262
1755	6426
1756	3065
1756	249
1756	1372
1772	11012
1773	1094
1773	1322
1775	3402
1783	3386
1785	8762
1785	11649
1786	110
1800	1795
1800	7557
1800	1815
1811	4169
1811	10120
1811	8756
1811	8600
1811	7274
1811	1371
1814	8629
1814	2976
1814	10243
1814	2117
1819	4897
1819	428
1826	4938
1832	5514
1832	969
1832	8
1836	9442
1836	6154
1841	9302
1841	9860
1858	11535
1858	3274
1861	11907
1866	861
1872	6023
1878	1894
1878	5583
1879	5123
1879	11530
1879	2357
1879	1081
1879	7496
1879	1361
1879	1424
1879	351
1879	9565
1882	8587
1883	11924
1883	4741
1883	10962
1883	392
1886	2692
1886	6080
1897	975
1897	11583
1897	10017
1897	9486
1899	5018
1907	5297
1907	4859
1915	5661
1915	6153
1915	1016
1915	5715
1929	8100
1929	7218
1929	7718
1929	8813
1930	7426
1930	8324
1935	9601
1935	697
1941	5328
1941	1388
1941	11743
1964	4540
1965	3037
1965	7137
1965	7498
1965	9369
1965	1636
1965	233
1965	5450
1982	2097
1982	11182
1984	9248
1996	3594
1996	6842
1996	679
1996	4500
1999	8871
2002	10944
2002	7999
2002	956
2002	1875
2002	1456
2002	9256
2002	5237
2014	5125
2014	11985
2014	5545
2014	3696
2014	496
2014	3921
2018	9100
2018	1223
2018	3973
2040	10385
2043	5266
2043	9021
2043	4798
2043	4382
2050	3534
2052	3257
2052	6059
2065	6810
2065	4715
2065	5656
2071	3298
2071	348
2073	3321
2073	11619
2075	8299
2075	1276
2089	10981
2089	3313
2098	120
2098	831
2098	1275
2098	1164
2102	7301
2102	7305
2109	4160
2109	7340
2110	9408
2111	11875
2112	5065
2112	5465
2115	7223
2121	5127
2121	6165
2121	6156
2129	8681
2129	2981
2129	6591
2130	11849
2130	7441
2130	9655
2130	11470
2131	2256
2131	8738
2131	5331
2131	881
2143	11093
2143	11618
2145	12106
2145	7793
2146	11681
2150	2059
2161	420
2161	6765
2161	1585
2161	535
2161	7503
2161	5433
2161	616
2177	7925
2180	8681
2180	2981
2180	6591
2181	5661
2181	6153
2181	1016
2181	5715
2185	2007
2185	7098
2185	1651
2186	5653
2186	9035
2186	10629
2186	6115
2190	7232
2190	2641
2190	4627
2190	11184
2193	7533
2198	61
2198	1077
2198	11429
2198	4990
2198	2244
2198	3967
2205	2351
2205	2916
2217	2423
2217	7097
2217	6448
2225	1485
2226	385
2228	5138
2228	2169
2239	6908
2239	5575
2241	4650
2241	8713
2241	5777
2241	2968
2241	3295
2241	5940
2241	6010
2241	1515
2246	6459
2246	7123
2246	9660
2251	1199
2251	8191
2267	2749
2279	726
2279	1108
2281	2395
2281	1269
2284	10758
2284	1080
2285	7779
2285	2409
2285	3983
2285	4727
2290	9375
2298	5384
2298	9208
2310	9248
2315	4030
2315	10816
2315	5393
2315	7493
2315	5980
2316	6721
2319	8869
2319	5282
2319	1905
2319	10321
2322	9079
2324	5653
2324	9035
2324	10629
2324	6115
2330	3971
2330	11715
2330	4105
2334	3386
2335	9841
2335	10351
2348	784
2348	8776
2348	4578
2348	6116
2359	9221
2367	1207
2367	11017
2367	2855
2367	5017
2369	2786
2373	936
2373	2039
2373	2946
2373	5480
2379	7823
2379	4346
2379	4914
2384	6373
2384	5355
2401	4932
2401	1940
2405	11571
2405	6962
2405	2399
2405	2793
2405	11426
2405	6845
2405	3851
2406	1590
2406	2503
2410	1738
2413	9386
2413	12027
2415	12034
2415	9746
2415	8889
2418	4490
2418	7981
2418	6286
2418	3908
2421	11627
2421	502
2421	6822
2421	6529
2425	8020
2425	582
2425	9241
2425	11815
2425	8650
2425	719
2434	9424
2439	11172
2442	3191
2442	1347
2442	11876
2445	9646
2445	6455
2451	8685
2451	8042
2454	1777
2454	11587
2455	1465
2455	8876
2455	10644
2459	62
2459	2283
2459	8656
2465	9601
2465	697
2468	9601
2468	697
2471	61
2471	1077
2471	11429
2471	4990
2471	2244
2471	3967
2473	2141
2474	3924
2474	3479
2474	6185
2480	4902
2480	3844
2485	1091
2485	645
2485	10461
2485	7951
2485	10831
2485	408
2505	7963
2505	6462
2505	6790
2505	12025
2510	1777
2510	11587
2517	11222
2517	6973
2518	3140
2518	9438
2518	8053
2518	10979
2523	4593
2523	2516
2523	4184
2529	848
2529	7804
2529	2248
2535	11125
2535	6081
2535	3761
2535	10139
2535	10909
2537	1738
2540	7971
2540	1006
2540	7916
2541	11093
2541	11618
2547	6453
2547	5337
2547	7211
2547	5046
2547	9175
2550	248
2550	6604
2550	8495
2550	9032
2552	1050
2552	7043
2552	11585
2556	10768
2566	3182
2575	5065
2575	5465
2576	7267
2576	3437
2577	6894
2579	6759
2579	1932
2579	2475
2579	342
2579	11716
2579	1479
2579	500
2579	4563
2586	3474
2587	1284
2587	9071
2589	5574
2600	9747
2600	6339
2600	1266
2603	240
2603	10950
2603	4250
2603	2435
2603	2122
2603	430
2605	6541
2605	1133
2609	8653
2609	8396
2609	9585
2610	6634
2610	7782
2610	4843
2611	6224
2612	7859
2612	5840
2615	7062
2615	10777
2618	5982
2618	6379
2618	8467
2618	8154
2620	4366
2625	982
2626	4473
2626	4651
2626	5517
2630	1821
2630	9430
2630	4570
2630	4288
2630	1213
2630	8103
2630	886
2636	11914
2636	9695
2636	155
2636	2456
2646	9204
2646	4653
2661	7104
2661	3679
2661	6761
2661	2072
2662	10860
2662	6092
2662	12046
2662	3009
2676	11443
2679	1860
2679	1517
2679	129
2684	5138
2684	2169
2688	10863
2688	11845
2690	11681
2691	10385
2693	2909
2693	11060
2693	5547
2697	6935
2699	10624
2699	11789
2699	2100
2702	7472
2702	9102
2702	8768
2702	9619
2715	8652
2715	10174
2715	3040
2715	8358
2716	3534
2726	819
2727	6492
2727	9867
2728	9166
2728	4363
2735	848
2735	7804
2735	2248
2736	7148
2736	5935
2740	4013
2748	11407
2748	283
2751	11438
2754	312
2754	3941
2758	9045
2758	573
2765	1590
2765	2503
2766	11230
2774	1207
2774	11017
2774	2855
2774	5017
2777	5436
2777	11740
2777	2508
2779	1207
2779	11017
2779	2855
2779	5017
2782	65
2790	10706
2790	416
2790	4998
2794	2366
2794	1553
2794	6141
2796	3813
2796	7874
2796	1813
2796	1848
2796	1484
2812	7488
2815	3386
2818	4517
2838	9174
2838	6934
2838	7329
2841	10250
2841	7348
2847	10685
2848	10858
2848	10552
2848	2978
2848	5533
2848	9394
2848	10443
2848	11844
2859	11125
2859	6081
2859	3761
2859	10139
2859	10909
2874	7028
2874	3486
2876	3474
2888	10371
2888	373
2891	7267
2891	3437
2897	11681
2911	1795
2911	7557
2911	1815
2924	5233
2924	5468
2924	11708
2925	12033
2925	2997
2925	4840
2930	1780
2930	8382
2930	3810
2940	2692
2940	6080
2954	4451
2954	9030
2960	10624
2960	11789
2960	2100
2961	10324
2961	1362
2961	7494
2961	3603
2961	3856
2961	794
2964	2903
2966	4650
2966	8713
2966	5777
2966	2968
2966	3295
2966	5940
2966	6010
2966	1515
2974	8805
2974	3573
2974	9239
2983	3845
2983	6247
2983	10989
2988	6810
2988	4715
2988	5656
2989	5476
2989	11344
2989	779
2991	454
2991	9324
2991	5604
2995	3082
2995	9571
2995	3601
2995	8192
2995	7015
2996	5448
2996	5029
2998	5718
2999	9275
2999	10369
3014	3669
3014	604
3017	2962
3017	1942
3017	2221
3017	7516
3020	7990
3020	10268
3020	10576
3020	9784
3020	8406
3025	11433
3026	9836
3026	4739
3026	329
3026	1558
3032	2059
3033	11299
3033	5116
3033	10986
3033	10943
3033	2755
3046	896
3046	10972
3053	9680
3055	9058
3055	8356
3055	1534
3060	6877
3060	7904
3060	3680
3060	1225
3062	472
3062	6472
3073	11082
3073	11002
3073	7854
3073	4619
3074	2035
3077	6446
3077	10032
3077	8080
3077	2114
3084	6877
3084	7904
3084	3680
3084	1225
3089	9373
3089	2358
3091	3065
3091	249
3091	1372
3093	3527
3093	2607
3093	6381
3104	9290
3104	7684
3104	872
3104	3597
3105	11816
3105	2363
3105	5993
3105	7892
3107	8489
3107	9548
3112	418
3115	4430
3115	7612
3115	3828
3115	581
3116	3899
3120	5272
3120	5420
3127	5924
3127	11329
3127	7364
3128	5837
3135	8468
3135	11592
3139	1284
3139	9071
3143	11794
3143	6221
3143	9502
3146	6634
3146	7782
3146	4843
3148	9495
3148	5090
3150	6810
3150	4715
3150	5656
3158	5514
3158	969
3158	8
3159	11849
3159	7441
3159	9655
3159	11470
3164	2432
3164	321
3164	9942
3164	9168
3178	1666
3178	9431
3178	11951
3201	6733
3207	5297
3207	4859
3208	7994
3208	11617
3208	6497
3208	4055
3208	8586
3210	5371
3210	9252
3210	7343
3210	903
3210	2149
3214	5914
3216	3289
3216	5398
3218	3140
3218	9438
3218	8053
3218	10979
3220	8110
3220	5744
3220	11293
3220	12021
3220	3809
3224	2885
3224	4957
3225	4169
3225	10120
3225	8756
3225	8600
3225	7274
3225	1371
3230	4030
3230	10816
3230	5393
3230	7493
3230	5980
3233	420
3233	6765
3233	1585
3233	535
3233	7503
3233	5433
3233	616
3241	8629
3241	2976
3241	10243
3241	2117
3244	2640
3244	3425
3254	5837
3259	9584
3259	3869
3259	4112
3265	11400
3265	742
3277	7449
3277	9089
3277	8988
3277	9604
3279	7488
3280	10010
3280	8328
3280	4132
3280	2387
3280	11098
3281	1321
3281	276
3281	3336
3281	3942
3281	2294
3283	936
3283	2039
3283	2946
3283	5480
3285	12094
3287	6004
3287	5055
3293	3984
3293	11380
3294	9628
3294	10714
3300	4516
3300	468
3300	6866
3300	8290
3300	4987
3301	9166
3301	4363
3304	6085
3304	361
3316	9276
3318	3018
3318	3766
3322	4823
3322	1962
3322	3740
3323	5914
3326	11303
3326	6511
3329	3504
3329	2070
3334	4938
3335	1780
3335	8382
3335	3810
3342	2797
3343	7562
3352	5448
3352	5029
3354	7374
3360	3971
3360	11715
3360	4105
3363	10828
3363	5526
3363	5674
3363	5510
3363	4491
3370	2086
3374	5661
3374	6153
3374	1016
3374	5715
3375	5681
3375	8423
3377	5368
3377	1902
3377	7652
3377	981
3377	6751
3388	2007
3388	7098
3388	1651
3389	5611
3389	11348
3389	11258
3389	7033
3389	7039
3389	505
3392	9088
3392	3591
3399	5255
3399	7134
3399	3372
3400	3714
3400	8851
3401	5155
3401	6187
3401	4331
3401	1461
3403	8681
3403	2981
3403	6591
3408	7950
3408	3097
3408	9238
3408	3546
3408	7869
3410	2749
3411	5684
3411	9193
3413	3985
3416	4082
3416	6952
3418	2220
3418	6014
3419	2799
3419	10665
3419	1417
3421	8206
3421	2572
3432	848
3432	7804
3432	2248
3436	7566
3436	4825
3447	10789
3447	5929
3447	8823
3450	6544
3450	5525
3460	3785
3460	10526
3461	1508
3461	340
3461	9407
3461	8670
3461	4546
3461	8054
3464	1325
3464	7264
3466	5125
3466	11985
3466	5545
3466	3696
3466	496
3466	3921
3467	11573
3467	2277
3467	4077
3473	6056
3477	7566
3477	4825
3493	3922
3496	9424
3511	11794
3511	6221
3511	9502
3515	5185
3515	9944
3515	7352
3515	4813
3515	11339
3515	1983
3515	6182
3515	11631
3521	4593
3521	2516
3521	4184
3525	1740
3525	10645
3530	2196
3530	11120
3530	2933
3530	1580
3535	11443
3540	10923
3540	11192
3540	5497
3541	826
3541	4860
3544	4995
3544	7179
3545	2035
3553	5371
3553	9252
3553	7343
3553	903
3553	2149
3556	220
3556	6823
3556	10273
3556	54
3561	12094
3563	5684
3563	9193
3570	7449
3570	9089
3570	8988
3570	9604
3571	11400
3571	742
3580	10361
3580	3592
3582	11433
3586	4650
3586	8713
3586	5777
3586	2968
3586	3295
3586	5940
3586	6010
3586	1515
3596	1557
3596	2776
3596	4199
3602	8395
3604	11134
3604	8469
3611	11611
3611	10743
3611	9656
3611	10572
3612	10428
3612	5443
3626	2219
3627	1094
3627	1322
3633	6037
3633	2349
3633	6216
3633	10940
3634	3714
3634	8851
3643	7210
3643	2417
3643	3804
3643	12045
3643	614
3644	709
3653	9939
3653	9014
3655	7675
3655	1052
3655	212
3655	3080
3682	2443
3687	7070
3687	9289
3687	5408
3691	7927
3691	6075
3691	4933
3692	6694
3692	41
3692	2708
3692	5596
3692	1809
3695	5802
3704	2397
3704	6769
3704	5327
3706	6085
3706	361
3709	5323
3734	10310
3735	8575
3735	11629
3735	9084
3735	10667
3735	11480
3738	9988
3746	8110
3746	5744
3746	11293
3746	12021
3746	3809
3749	6978
3749	9596
3749	2836
3749	9414
3755	5018
3762	9781
3762	1555
3762	8169
3762	6480
3773	9884
3773	912
3773	1412
3773	9253
3779	1590
3779	2503
3781	6452
3786	6232
3786	5333
3790	11907
3799	10488
3799	7175
3806	3534
3816	11778
3816	5852
3825	11399
3830	8763
3830	913
3830	7560
3831	165
3839	8010
3839	6040
3840	982
3841	4932
3841	1940
3846	1909
3846	7521
3846	6731
3846	9887
3846	4398
3855	10279
3855	409
3855	218
3855	11933
3855	6636
3863	3402
3876	65
3881	6160
3881	3324
3881	5438
3881	817
3903	5747
3903	10350
3903	9720
3916	10827
3916	9028
3916	11864
3916	115
3916	3729
3928	2786
3934	11171
3934	4675
3934	5927
3938	7374
3940	1421
3940	8289
3940	8460
3943	9058
3943	8356
3943	1534
3948	3289
3948	5398
3955	5574
3958	1088
3958	7229
3958	4920
3958	7693
3970	3191
3970	1347
3970	11876
3972	1679
3977	936
3977	2039
3977	2946
3977	5480
3978	7839
3978	3614
3979	826
3979	4860
3994	5681
3994	8423
3996	165
4001	386
4004	2692
4004	6080
4009	3140
4009	9438
4009	8053
4009	10979
4011	1734
4011	3378
4011	3902
4011	5301
4011	8906
4023	2711
4023	3066
4023	8946
4023	839
4032	7062
4032	10777
4034	9447
4034	8772
4038	3082
4038	9571
4038	3601
4038	8192
4038	7015
4048	3577
4048	11306
4048	6485
4053	6049
4053	1327
4058	2962
4058	1942
4058	2221
4058	7516
4061	7223
4062	11111
4064	7839
4064	3614
4081	2617
4081	5679
4081	7260
4084	6431
4084	7696
4084	4311
4084	6611
4084	7527
4085	5853
4085	10103
4085	7651
4085	3910
4085	10113
4085	5878
4085	11336
4086	8109
4087	2896
4091	3035
4091	2340
4091	2601
4091	2124
4092	4516
4092	468
4092	6866
4092	8290
4092	4987
4094	7538
4094	9070
4096	1295
4096	6560
4096	11857
4096	12083
4096	7419
4102	4625
4102	11173
4104	10051
4104	9820
4104	10612
4104	6506
4108	10782
4114	4293
4126	9290
4126	7684
4126	872
4126	3597
4129	748
4135	9397
4135	8939
4144	2097
4144	11182
4153	5830
4153	560
4159	1331
4165	10981
4165	3313
4167	1301
4167	4779
4167	10759
4167	10088
4167	6671
4167	4590
4167	9390
4167	35
4168	5724
4168	3703
4168	6323
4168	12058
4168	11254
4168	8607
4168	9511
4172	5368
4172	1902
4172	7652
4172	981
4172	6751
4180	5018
4187	11875
4192	9045
4192	573
4196	2711
4196	3066
4196	8946
4196	839
4197	7210
4197	2417
4197	3804
4197	12045
4197	614
4198	4706
4198	3760
4198	1439
4210	11622
4210	5932
4210	7342
4215	11158
4215	8953
4215	3420
4215	78
4216	1381
4216	2826
4222	720
4222	9987
4222	10254
4225	482
4229	1094
4229	1322
4230	6361
4230	3200
4231	5430
4231	11014
4231	1218
4231	3052
4237	1807
4237	9975
4239	2617
4239	5679
4239	7260
4242	296
4242	6422
4242	8216
4247	6160
4247	3324
4247	5438
4247	817
4252	975
4252	11583
4252	10017
4252	9486
4257	3777
4257	1202
4257	2717
4264	675
4269	11185
4269	5066
4269	2047
4271	10923
4271	11192
4271	5497
4273	6447
4273	5354
4273	10735
4273	3875
4279	10111
4279	8344
4279	9620
4283	3018
4283	3766
4299	9373
4299	2358
4301	1330
4302	9469
4302	5998
4302	8089
4319	9248
4325	12039
4341	3022
4344	5611
4344	11348
4344	11258
4344	7033
4344	7039
4344	505
4353	4818
4353	631
4353	9923
4353	7947
4353	9036
4370	10858
4370	10552
4370	2978
4370	5533
4370	9394
4370	10443
4370	11844
4371	3666
4378	9900
4378	7986
4378	8982
4388	10858
4388	10552
4388	2978
4388	5533
4388	9394
4388	10443
4388	11844
4389	3538
4389	4814
4392	1321
4392	276
4392	3336
4392	3942
4392	2294
4401	3507
4401	8189
4407	3785
4407	10526
4410	6355
4412	9003
4416	3649
4416	3227
4416	7135
4416	6495
4416	8610
4416	10565
4418	5127
4418	6165
4418	6156
4423	9440
4424	5127
4424	6165
4424	6156
4428	6492
4428	9867
4429	9561
4429	3727
4429	10
4429	106
4429	1278
4429	6612
4429	8414
4431	4181
4431	6460
4431	6310
4431	12001
4435	1901
4435	8457
4435	7771
4437	6403
4438	10247
4438	11947
4449	10279
4449	409
4449	218
4449	11933
4449	6636
4460	1453
4460	8301
4460	4367
4476	10488
4476	7175
4477	7856
4477	10400
4478	5853
4478	10103
4478	7651
4478	3910
4478	10113
4478	5878
4478	11336
4479	4082
4479	6952
4483	382
4483	6926
4483	5785
4483	7812
4485	11213
4485	8927
4485	8727
4485	5353
4492	5662
4496	2962
4496	1942
4496	2221
4496	7516
4503	657
4503	2157
4503	807
4503	1797
4506	2196
4506	11120
4506	2933
4506	1580
4507	516
4507	11416
4507	9445
4512	7673
4522	5437
4526	8127
4526	11154
4526	10723
4533	3504
4533	2070
4535	3082
4535	9571
4535	3601
4535	8192
4535	7015
4539	1864
4539	1495
4539	4899
4539	6847
4539	2064
4545	5592
4548	11535
4548	3274
4549	120
4549	831
4549	1275
4549	1164
4550	2350
4550	6687
4550	9327
4550	2861
4552	476
4552	10500
4552	4711
4552	2953
4553	4689
4553	6642
4560	85
4560	8571
4560	9255
4560	7307
4565	9045
4565	573
4566	9584
4566	3869
4566	4112
4567	9841
4567	10351
4569	1301
4569	4779
4569	10759
4569	10088
4569	6671
4569	4590
4569	9390
4569	35
4586	4823
4586	1962
4586	3740
4588	4713
4588	2951
4588	9263
4588	5360
4596	6721
4598	7846
4598	7159
4598	10581
4598	2140
4601	3981
4601	315
4601	2076
4602	5733
4611	9561
4611	3727
4611	10
4611	106
4611	1278
4611	6612
4611	8414
4612	9171
4612	4723
4612	816
4618	2147
4618	10473
4620	10858
4620	10552
4620	2978
4620	5533
4620	9394
4620	10443
4620	11844
4621	1738
4632	1537
4632	10577
4632	11075
4632	3042
4632	8380
4632	10421
4632	2066
4632	10540
4632	761
4632	11057
4633	6224
4636	9501
4641	2068
4641	8125
4641	3957
4644	11249
4646	5982
4646	6379
4646	8467
4646	8154
4647	5384
4647	9208
4652	5125
4652	11985
4652	5545
4652	3696
4652	496
4652	3921
4657	5476
4657	11344
4657	779
4658	5123
4658	11530
4658	2357
4658	1081
4658	7496
4658	1361
4658	1424
4658	351
4658	9565
4661	1881
4661	141
4661	181
4665	705
4665	5908
4665	10939
4665	1056
4665	3829
4667	5462
4667	11033
4677	6363
4677	11231
4677	8536
4686	6194
4686	5053
4699	7337
4699	9833
4699	9031
4699	11672
4699	2648
4699	3162
4699	5958
4699	11859
4701	4724
4701	7192
4701	4060
4707	3507
4707	8189
4708	6978
4708	9596
4708	2836
4708	9414
4710	8575
4710	11629
4710	9084
4710	10667
4710	11480
4717	1421
4717	8289
4717	8460
4719	9584
4719	3869
4719	4112
4721	165
4729	6016
4729	11997
4729	940
4729	4020
4729	6219
4729	8542
4730	3631
4737	5660
4742	3007
4747	11012
4750	11914
4750	9695
4750	155
4750	2456
4751	4516
4751	468
4751	6866
4751	8290
4751	4987
4755	6508
4755	4762
4758	10428
4758	5443
4759	6810
4759	4715
4759	5656
4764	1199
4764	8191
4770	3007
4771	2749
4773	6453
4773	5337
4773	7211
4773	5046
4773	9175
4776	617
4780	2711
4780	3066
4780	8946
4780	839
4789	900
4790	3785
4790	10526
4792	6447
4792	5354
4792	10735
4792	3875
4797	8621
4797	4156
4797	12090
4800	5201
4802	7880
4803	4818
4803	631
4803	9923
4803	7947
4803	9036
4806	11303
4806	6511
4808	5877
4816	9275
4816	10369
4826	8629
4826	2976
4826	10243
4826	2117
4831	490
4831	8011
4831	1339
4832	11082
4832	11002
4832	7854
4832	4619
4835	11622
4835	5932
4835	7342
4845	344
4845	1125
4845	3719
4845	10117
4852	8395
4853	8519
4853	10801
4853	2095
4853	9661
4854	11185
4854	5066
4854	2047
4857	6373
4857	5355
4868	9103
4868	3152
4868	7822
4868	8864
4868	11141
4868	12041
4868	9052
4869	9683
4869	10228
4870	8230
4870	2893
4872	9408
4874	1557
4874	2776
4874	4199
4880	11875
4884	386
4886	9884
4886	912
4886	1412
4886	9253
4889	960
4891	7245
4891	10742
4891	4900
4908	7050
4908	2365
4908	8538
4908	4909
4908	10359
4908	3854
4910	3443
4910	9043
4910	1764
4917	9399
4917	9594
4917	125
4923	4724
4923	7192
4923	4060
4929	11854
4929	11288
4930	11855
4930	10237
4943	10147
4955	4517
4967	10605
4967	5847
4974	7301
4974	7305
4976	5968
4986	7927
4986	6075
4986	4933
4992	3182
4993	2068
4993	8125
4993	3957
4999	5233
4999	5468
4999	11708
5004	1557
5004	2776
5004	4199
5025	11833
5034	1776
5035	11303
5035	6511
5037	1302
5042	6098
5044	8595
5045	1357
5045	6349
5045	9057
5045	8202
5045	11680
5045	11769
5048	5198
5052	10010
5052	8328
5052	4132
5052	2387
5052	11098
5063	65
5067	10605
5067	5847
5080	2962
5080	1942
5080	2221
5080	7516
5082	5769
5084	1357
5084	6349
5084	9057
5084	8202
5084	11680
5084	11769
5087	4482
5087	11982
5099	11863
5099	6554
5099	12078
5099	9008
5099	10853
5099	9990
5099	2229
5100	5968
5113	9742
5114	454
5114	9324
5114	5604
5115	6004
5115	5055
5117	353
5117	9811
5117	601
5117	3712
5118	7050
5118	2365
5118	8538
5118	4909
5118	10359
5118	3854
5119	8230
5119	2893
5120	1302
5126	3984
5126	11380
5129	8653
5129	8396
5129	9585
5139	6250
5139	12070
5139	2188
5140	1508
5140	340
5140	9407
5140	8670
5140	4546
5140	8054
5164	8763
5164	913
5164	7560
5165	3298
5165	348
5166	3594
5166	6842
5166	679
5166	4500
5173	2256
5173	8738
5173	5331
5173	881
5177	2318
5178	1740
5178	10645
5183	6928
5183	4040
5183	3114
5183	3465
5183	1028
5188	3868
5188	731
5188	11485
5199	2007
5199	7098
5199	1651
5206	344
5206	1125
5206	3719
5206	10117
5218	5540
5222	9873
5222	1287
5222	4390
5222	6884
5222	8984
5224	5827
5224	3471
5225	9112
5225	11446
5225	9898
5228	9045
5228	573
5229	7779
5229	2409
5229	3983
5229	4727
5235	936
5235	2039
5235	2946
5235	5480
5236	533
5241	2634
5241	5220
5241	6535
5244	2919
5244	1031
5248	1446
5248	11744
5259	10544
5259	2667
5259	137
5261	10197
5261	419
5263	220
5263	6823
5263	10273
5263	54
5264	10428
5264	5443
5265	8466
5265	8745
5269	7591
5269	10699
5271	11855
5271	10237
5273	7946
5273	8232
5275	11896
5275	10566
5275	4959
5277	11468
5277	7982
5277	227
5277	4221
5277	4049
5277	4305
5277	7825
5284	5013
5284	9236
5284	11483
5284	445
5292	10995
5292	11190
5302	726
5302	1108
5305	1594
5307	1465
5307	8876
5307	10644
5314	1325
5314	7264
5320	5185
5320	9944
5320	7352
5320	4813
5320	11339
5320	1983
5320	6182
5320	11631
5335	10310
5349	6224
5352	475
5352	8739
5352	3296
5352	4705
5352	3723
5364	11211
5364	6915
5367	8575
5367	11629
5367	9084
5367	10667
5367	11480
5373	2850
5376	3303
5376	11928
5376	1228
5376	6717
5376	2142
5381	7800
5381	3412
5389	8928
5389	6033
5389	4111
5389	11759
5389	9568
5389	9826
5390	7713
5390	4350
5390	3063
5395	9221
5399	9221
5405	6361
5405	3200
5407	1421
5407	8289
5407	8460
5411	7253
5411	10607
5411	6771
5423	6194
5423	5053
5425	3649
5425	3227
5425	7135
5425	6495
5425	8610
5425	10565
5427	11211
5427	6915
5428	1237
5428	11901
5428	11988
5439	1956
5439	2243
5439	3429
5440	6486
5453	3666
5456	10981
5456	3313
5460	10144
5460	7815
5460	3953
5460	5702
5472	1989
5509	8264
5509	640
5515	6085
5515	361
5523	6544
5523	5525
5529	10447
5529	11973
5529	5308
5529	8374
5529	7861
5550	5323
5554	9884
5554	912
5554	1412
5554	9253
5558	11627
5558	502
5558	6822
5558	6529
5560	2432
5560	321
5560	9942
5560	9168
5562	8285
5562	222
5562	6773
5564	9939
5564	9014
5571	7540
5571	10808
5571	2210
5571	164
5576	6261
5577	3439
5590	1465
5590	8876
5590	10644
5591	7567
5598	1331
5606	5943
5617	7253
5617	10607
5617	6771
5621	7695
5621	7907
5621	3390
5621	4454
5622	4430
5622	7612
5622	3828
5622	581
5623	8762
5623	11649
5624	11284
5624	3206
5624	987
5629	1818
5629	10199
5629	6245
5633	11158
5633	8953
5633	3420
5633	78
5634	7337
5634	9833
5634	9031
5634	11672
5634	2648
5634	3162
5634	5958
5634	11859
5643	1560
5643	6393
5645	5914
5646	8297
5646	271
5654	349
5658	11775
5658	10069
5658	8149
5668	7713
5668	4350
5668	3063
5669	4036
5669	6196
5669	2436
5671	10981
5671	3313
5675	418
5678	10508
5678	828
5678	2564
5678	8062
5683	8575
5683	11629
5683	9084
5683	10667
5683	11480
5688	6894
5690	6508
5690	4762
5696	143
5699	9204
5699	4653
5709	8127
5709	11154
5709	10723
5710	1901
5710	8457
5710	7771
5712	9575
5712	3927
5712	9966
5721	2432
5721	321
5721	9942
5721	9168
5725	1894
5725	5583
5726	5879
5726	2162
5726	5454
5726	9458
5726	7979
5726	1746
5726	8117
5737	5682
5739	5747
5739	10350
5739	9720
5740	165
5742	9375
5749	819
5750	1779
5755	6431
5755	7696
5755	4311
5755	6611
5755	7527
5757	1508
5757	340
5757	9407
5757	8670
5757	4546
5757	8054
5760	11404
5761	2885
5761	4957
5764	7245
5764	10742
5764	4900
5768	9275
5768	10369
5770	12049
5770	5766
5772	4174
5772	11913
5772	3136
5772	1061
5786	10385
5788	10396
5790	11924
5790	4741
5790	10962
5790	392
5796	8010
5796	6040
5798	6928
5798	4040
5798	3114
5798	3465
5798	1028
5804	7253
5804	10607
5804	6771
5824	2757
5828	5138
5828	2169
5829	11363
5843	3661
5856	5812
5856	8995
5864	4848
5872	10324
5872	1362
5872	7494
5872	3603
5872	3856
5872	794
5875	10899
5875	628
5883	5592
5887	5138
5887	2169
5888	720
5888	9987
5888	10254
5891	3402
5892	5272
5892	5420
5894	6928
5894	4040
5894	3114
5894	3465
5894	1028
5900	6160
5900	3324
5900	5438
5900	817
5902	10863
5902	11845
5905	9204
5905	4653
5910	10935
5923	975
5923	11583
5923	10017
5923	9486
5926	6733
5936	11571
5936	6962
5936	2399
5936	2793
5936	11426
5936	6845
5936	3851
5945	6582
5948	4995
5948	7179
5956	4430
5956	7612
5956	3828
5956	581
5957	7955
5957	4666
5959	11222
5959	6973
5960	12034
5960	9746
5960	8889
5967	3035
5967	2340
5967	2601
5967	2124
5977	5127
5977	6165
5977	6156
5979	10144
5979	7815
5979	3953
5979	5702
5987	2420
5991	5660
5994	10144
5994	7815
5994	3953
5994	5702
5997	5661
5997	6153
5997	1016
5997	5715
5999	9397
5999	8939
6007	8595
6009	8070
6009	5413
6009	11644
6009	10941
6013	10789
6013	5929
6013	8823
6030	11310
6035	11493
6035	1427
6035	2184
6041	4243
6041	10281
6041	9312
6044	11249
6051	7610
6051	10838
6063	6396
6063	5989
6063	8909
6064	2453
6064	5579
6066	1560
6066	6393
6077	1779
6078	9646
6078	6455
6082	11816
6082	2363
6082	5993
6082	7892
6085	2710
6089	11681
6094	11125
6094	6081
6094	3761
6094	10139
6094	10909
6096	1089
6096	6026
6096	5978
6100	5713
6100	7514
6100	4441
6102	472
6102	6472
6105	2617
6105	5679
6105	7260
6108	9747
6108	6339
6108	1266
6114	5592
6117	3661
6123	1091
6123	645
6123	10461
6123	7951
6123	10831
6123	408
6125	5256
6125	5250
6125	6233
6125	9066
6136	5255
6136	7134
6136	3372
6138	4897
6138	428
6140	5595
6142	12082
6142	3960
6145	6759
6145	1932
6145	2475
6145	342
6145	11716
6145	1479
6145	500
6145	4563
6148	8115
6148	6494
6152	4082
6152	6952
6155	474
6163	9112
6163	11446
6163	9898
6171	3284
6171	1071
6171	1767
6176	896
6176	10972
6178	6999
6180	7007
6180	3261
6180	109
6181	5198
6190	826
6190	4860
6197	11217
6197	7778
6197	10072
6197	1053
6197	4170
6197	4339
6198	10066
6201	2835
6201	8371
6201	1808
6201	4989
6201	5043
6201	5303
6201	2463
6211	7781
6211	7058
6211	3483
6222	7795
6226	1314
6226	6985
6249	5201
6251	4490
6251	7981
6251	6286
6251	3908
6260	10899
6260	628
6265	6250
6265	12070
6265	2188
6267	6363
6267	11231
6267	8536
6270	7994
6270	11617
6270	6497
6270	4055
6270	8586
6272	8652
6272	10174
6272	3040
6272	8358
6276	3065
6276	249
6276	1372
6281	5410
6282	2681
6282	7392
6282	9767
6283	11070
6283	9868
6283	1570
6283	6262
6283	6426
6290	10828
6290	5526
6290	5674
6290	5510
6290	4491
6292	9100
6292	1223
6292	3973
6297	2909
6297	11060
6297	5547
6302	1485
6304	6322
6304	2534
6306	3191
6306	1347
6306	11876
6309	11775
6309	10069
6309	8149
6314	657
6314	2157
6314	807
6314	1797
6316	2318
6325	2147
6325	10473
6326	325
6326	11603
6326	11273
6326	3067
6336	2443
6341	705
6341	5908
6341	10939
6341	1056
6341	3829
6343	62
6343	2283
6343	8656
6347	3594
6347	6842
6347	679
6347	4500
6348	9455
6348	8158
6348	9903
6348	7541
6348	8590
6350	1284
6350	9071
6352	5662
6359	10302
6359	8275
6359	5369
6359	644
6359	4589
6365	353
6365	9811
6365	601
6365	3712
6372	9185
6372	9759
6372	3019
6372	8262
6376	5995
6383	9455
6383	8158
6383	9903
6383	7541
6383	8590
6386	1647
6386	10872
6386	4532
6387	1795
6387	7557
6387	1815
6389	10537
6389	3195
6395	10377
6395	4208
6397	4625
6397	11173
6405	11908
6405	1370
6405	4847
6406	248
6406	6604
6406	8495
6406	9032
6407	7104
6407	3679
6407	6761
6407	2072
6411	11896
6411	10566
6411	4959
6412	85
6412	8571
6412	9255
6412	7307
6414	9374
6421	1069
6421	10470
6424	1807
6424	9975
6432	4664
6432	7922
6432	11511
6432	8812
6436	8685
6436	8042
6439	8519
6439	10801
6439	2095
6439	9661
6440	377
6440	9333
6441	3065
6441	249
6441	1372
6445	1647
6445	10872
6445	4532
6450	1734
6450	3378
6450	3902
6450	5301
6450	8906
6456	3669
6456	604
6458	10324
6458	1362
6458	7494
6458	3603
6458	3856
6458	794
6468	2885
6468	4957
6469	2660
6469	6972
6477	7713
6477	4350
6477	3063
6504	1840
6504	11409
6504	6279
6504	4307
6533	220
6533	6823
6533	10273
6533	54
6534	5964
6537	5879
6537	2162
6537	5454
6537	9458
6537	7979
6537	1746
6537	8117
6538	1413
6538	4997
6566	3321
6566	11619
6570	5662
6571	3922
6572	11399
6573	5255
6573	7134
6573	3372
6575	3035
6575	2340
6575	2601
6575	2124
6576	7062
6576	10777
6577	9399
6577	9594
6577	125
6584	3395
6596	4504
6596	6670
6597	7896
6597	1862
6597	5850
6601	2256
6601	8738
6601	5331
6601	881
6608	2797
6609	11158
6609	8953
6609	3420
6609	78
6610	7862
6615	9957
6619	11158
6619	8953
6619	3420
6619	78
6621	3303
6621	11928
6621	1228
6621	6717
6621	2142
6622	8826
6622	6543
6622	8168
6633	9627
6637	7540
6637	10808
6637	2210
6637	164
6647	10310
6658	5595
6659	2530
6664	7807
6664	1131
6666	3909
6666	2082
6666	10067
6666	10356
6672	7210
6672	2417
6672	3804
6672	12045
6672	614
6673	7779
6673	2409
6673	3983
6673	4727
6683	2147
6683	10473
6684	5924
6684	11329
6684	7364
6692	6669
6692	1267
6696	8605
6696	6643
6696	11342
6699	6452
6705	2351
6705	2916
6708	11012
6714	3800
6714	8172
6714	10538
6714	9754
6714	11676
6722	5256
6722	5250
6722	6233
6722	9066
6732	8468
6732	11592
6739	8346
6745	1647
6745	10872
6745	4532
6749	6016
6749	11997
6749	940
6749	4020
6749	6219
6749	8542
6750	9601
6750	697
6755	10875
6755	2214
6755	4421
6756	5155
6756	6187
6756	4331
6756	1461
6766	2220
6766	6014
6787	10250
6787	7348
6789	2608
6791	8942
6791	270
6798	10302
6798	8275
6798	5369
6798	644
6798	4589
6799	3036
6804	10605
6804	5847
6806	2543
6808	10935
6812	6446
6812	10032
6812	8080
6812	2114
6816	3971
6816	11715
6816	4105
6818	5201
6820	9530
6820	5128
6820	5391
6827	10923
6827	11192
6827	5497
6829	10396
6833	9003
6834	3402
6835	7846
6835	7159
6835	10581
6835	2140
6836	11908
6836	1370
6836	4847
6844	8871
6850	10897
6850	7887
6851	9668
6851	2527
6864	5682
6865	1631
6865	5382
6872	306
6872	3767
6880	3666
6887	1321
6887	276
6887	3336
6887	3942
6887	2294
6888	7223
6896	10828
6896	5526
6896	5674
6896	5510
6896	4491
6899	8476
6899	897
6899	788
6899	7272
6899	6038
6905	4689
6905	6642
6906	7779
6906	2409
6906	3983
6906	4727
6907	5328
6907	1388
6907	11743
6912	11538
6912	9456
6912	755
6913	7002
6913	9839
6921	2608
6922	5498
6922	2873
6922	2119
6931	9174
6931	6934
6931	7329
6938	6261
6939	1301
6939	4779
6939	10759
6939	10088
6939	6671
6939	4590
6939	9390
6939	35
6942	6037
6942	2349
6942	6216
6942	10940
6953	476
6953	10500
6953	4711
6953	2953
6955	2919
6955	1031
6956	235
6959	5682
6961	7894
6961	1575
6961	11946
6967	1979
6967	1083
6967	642
6969	6056
6974	9447
6974	8772
6977	9627
6980	12048
6980	6574
6981	7102
6983	5371
6983	9252
6983	7343
6983	903
6983	2149
6987	8561
6987	10297
6987	10814
6993	62
6993	2283
6993	8656
6998	8673
6998	8986
7003	11313
7003	10335
7003	7587
7003	3442
7006	3018
7006	3766
7010	4238
7010	9961
7010	3228
7012	1998
7012	4815
7012	11813
7023	3922
7025	3350
7025	9725
7025	11689
7037	5943
7052	892
7052	4772
7052	4888
7059	9375
7061	4036
7061	6196
7061	2436
7067	7245
7067	10742
7067	4900
7069	7267
7069	3437
7072	4786
7072	5546
7074	1321
7074	276
7074	3336
7074	3942
7074	2294
7077	325
7077	11603
7077	11273
7077	3067
7083	9939
7083	9014
7087	386
7088	8762
7088	11649
7089	475
7089	8739
7089	3296
7089	4705
7089	3723
7090	1485
7091	7715
7091	9154
7091	4402
7094	2896
7095	7894
7095	1575
7095	11946
7096	9873
7096	1287
7096	4390
7096	6884
7096	8984
7105	5879
7105	2162
7105	5454
7105	9458
7105	7979
7105	1746
7105	8117
7113	11082
7113	11002
7113	7854
7113	4619
7120	3428
7121	8142
7121	6990
7121	10509
7129	6669
7129	1267
7139	5410
7142	7899
7142	2038
7150	116
7150	11086
7150	3338
7150	1796
7153	6508
7153	4762
7154	3125
7154	3457
7164	2634
7164	5220
7164	6535
7173	3504
7173	2070
7185	1666
7185	9431
7185	11951
7186	5256
7186	5250
7186	6233
7186	9066
7190	1590
7190	2503
7193	9724
7193	7991
7197	10302
7197	8275
7197	5369
7197	644
7197	4589
7198	896
7198	10972
7201	4650
7201	8713
7201	5777
7201	2968
7201	3295
7201	5940
7201	6010
7201	1515
7204	7591
7204	10699
7205	6396
7205	5989
7205	8909
7206	10521
7206	738
7206	7255
7208	8020
7208	582
7208	9241
7208	11815
7208	8650
7208	719
7209	6403
7213	11171
7213	4675
7213	5927
7217	11172
7220	9873
7220	1287
7220	4390
7220	6884
7220	8984
7222	2453
7222	5579
7224	11718
7224	3404
7228	2366
7228	1553
7228	6141
7230	7795
7234	5198
7239	9283
7240	11468
7240	7982
7240	227
7240	4221
7240	4049
7240	4305
7240	7825
7249	5462
7249	11033
7251	9841
7251	10351
7257	10685
7265	385
7268	385
7280	10508
7280	828
7280	2564
7280	8062
7281	3140
7281	9438
7281	8053
7281	10979
7288	7261
7288	9771
7297	2692
7297	6080
7300	3284
7300	1071
7300	1767
7310	10789
7310	5929
7310	8823
7313	11627
7313	502
7313	6822
7313	6529
7314	4082
7314	6952
7318	11064
7318	5716
7318	5007
7318	6579
7318	9077
7318	2533
7319	4938
7323	11134
7323	8469
7324	9373
7324	2358
7325	5150
7325	1576
7325	2746
7326	10706
7326	416
7326	4998
7336	1381
7336	2826
7346	5125
7346	11985
7346	5545
7346	3696
7346	496
7346	3921
7347	3082
7347	9571
7347	3601
7347	8192
7347	7015
7353	8561
7353	10297
7353	10814
7354	1330
7357	2909
7357	11060
7357	5547
7359	420
7359	6765
7359	1585
7359	535
7359	7503
7359	5433
7359	616
7368	836
7376	4600
7376	4008
7381	2351
7381	2916
7387	4724
7387	7192
7387	4060
7390	1421
7390	8289
7390	8460
7394	10130
7394	2707
7394	4355
7394	4820
7394	9330
7394	8710
7394	3642
7400	5830
7400	560
7404	2853
7404	5329
7406	8886
7406	3850
7406	1870
7406	7594
7406	4012
7406	4537
7414	2757
7427	647
7427	9888
7427	4263
7427	3690
7431	5853
7431	10103
7431	7651
7431	3910
7431	10113
7431	5878
7431	11336
7432	6935
7434	4593
7434	2516
7434	4184
7451	5631
7451	1550
7454	1864
7454	1495
7454	4899
7454	6847
7454	2064
7456	1681
7456	4175
7456	1214
7459	11082
7459	11002
7459	7854
7459	4619
7463	2899
7463	10564
7468	7713
7468	4350
7468	3063
7469	7994
7469	11617
7469	6497
7469	4055
7469	8586
7470	7245
7470	10742
7470	4900
7476	8770
7476	2732
7479	8173
7481	10751
7481	2927
7481	2274
7487	3989
7490	8789
7491	10130
7491	2707
7491	4355
7491	4820
7491	9330
7491	8710
7491	3642
7506	10930
7506	11166
7506	6521
7506	8365
7512	10447
7512	11973
7512	5308
7512	8374
7512	7861
7520	6194
7520	5053
7522	4403
7523	382
7523	6926
7523	5785
7523	7812
7530	5283
7530	9911
7530	10366
7530	4406
7534	5437
7545	3333
7545	11682
7546	4238
7546	9961
7546	3228
7547	5968
7550	5924
7550	11329
7550	7364
7556	6595
7556	1149
7558	8214
7558	1774
7558	376
7561	7449
7561	9089
7561	8988
7561	9604
7563	12017
7563	8473
7563	6034
7563	8545
7583	3007
7586	8476
7586	897
7586	788
7586	7272
7586	6038
7593	12049
7593	5766
7599	5198
7603	11611
7603	10743
7603	9656
7603	10572
7606	7955
7606	4666
7607	11908
7607	1370
7607	4847
7611	9179
7611	12036
7611	339
7611	5203
7614	10521
7614	738
7614	7255
7616	3350
7616	9725
7616	11689
7619	475
7619	8739
7619	3296
7619	4705
7619	3723
7621	10828
7621	5526
7621	5674
7621	5510
7621	4491
7628	6894
7638	3845
7638	6247
7638	10989
7640	1088
7640	7229
7640	4920
7640	7693
7656	5584
7657	7631
7657	3565
7658	5718
7659	1357
7659	6349
7659	9057
7659	8202
7659	11680
7659	11769
7665	2934
7670	4181
7670	6460
7670	6310
7670	12001
7674	5581
7674	8603
7674	7399
7674	58
7677	9079
7682	9399
7682	9594
7682	125
7698	5233
7698	5468
7698	11708
7700	11111
7714	1088
7714	7229
7714	4920
7714	7693
7720	516
7720	11416
7720	9445
7721	9683
7721	10228
7722	5653
7722	9035
7722	10629
7722	6115
7731	9397
7731	8939
7734	9724
7734	7991
7736	7946
7736	8232
7738	9302
7738	9860
7749	10875
7749	2214
7749	4421
7751	6447
7751	5354
7751	10735
7751	3875
7752	11183
7752	7365
7752	1891
7752	9780
7754	11468
7754	7982
7754	227
7754	4221
7754	4049
7754	4305
7754	7825
7760	5631
7760	1550
7762	11277
7762	3514
7763	4205
7763	2808
7763	8639
7763	11921
7765	6056
7767	11211
7767	6915
7768	5995
7776	7899
7776	2038
7783	11363
7784	10051
7784	9820
7784	10612
7784	6506
7785	9375
7786	10144
7786	7815
7786	3953
7786	5702
7787	7856
7787	10400
7792	5123
7792	11530
7792	2357
7792	1081
7792	7496
7792	1361
7792	1424
7792	351
7792	9565
7794	1357
7794	6349
7794	9057
7794	8202
7794	11680
7794	11769
7796	9058
7796	8356
7796	1534
7797	6697
7797	754
7798	705
7798	5908
7798	10939
7798	1056
7798	3829
7806	366
7806	5163
7806	10246
7806	1449
7810	8142
7810	6990
7810	10509
7811	4818
7811	631
7811	9923
7811	7947
7811	9036
7813	5383
7813	12015
7813	4607
7816	11070
7816	9868
7816	1570
7816	6262
7816	6426
7817	1330
7829	10827
7829	9028
7829	11864
7829	115
7829	3729
7841	11488
7841	10532
7841	9481
7847	2350
7847	6687
7847	9327
7847	2861
7848	2835
7848	8371
7848	1808
7848	4989
7848	5043
7848	5303
7848	2463
7851	9554
7851	463
7851	3929
7851	6225
7851	8303
7855	705
7855	5908
7855	10939
7855	1056
7855	3829
7863	476
7863	10500
7863	4711
7863	2953
7870	617
7872	8869
7872	5282
7872	1905
7872	10321
7881	382
7881	6926
7881	5785
7881	7812
7900	9801
7900	4224
7900	1892
7902	6492
7902	9867
7908	533
7910	7361
7910	6284
7911	8294
7911	772
7911	3753
7913	5498
7913	2873
7913	2119
7919	3472
7919	6767
7920	3472
7920	6767
7924	2350
7924	6687
7924	9327
7924	2861
7926	1069
7926	10470
7932	3428
7935	7070
7935	9289
7935	5408
7936	5682
7939	4995
7939	7179
7942	2432
7942	321
7942	9942
7942	9168
7954	2705
7954	6296
7954	8708
7957	10875
7957	2214
7957	4421
7958	116
7958	11086
7958	3338
7958	1796
7961	4600
7961	4008
7970	3395
7985	7212
7985	2567
7985	8649
7985	4812
7985	2627
7985	3791
7992	8020
7992	582
7992	9241
7992	11815
7992	8650
7992	719
7993	1302
8006	6999
8012	7464
8012	3273
8015	5879
8015	2162
8015	5454
8015	9458
8015	7979
8015	1746
8015	8117
8017	5272
8017	5420
8019	382
8019	6926
8019	5785
8019	7812
8030	9628
8030	10714
8031	10259
8031	4827
8031	10802
8032	2397
8032	6769
8032	5327
8034	2397
8034	6769
8034	5327
8047	11313
8047	10335
8047	7587
8047	3442
8058	3661
8059	120
8059	831
8059	1275
8059	1164
8065	9530
8065	5128
8065	5391
8068	5964
8083	5584
8085	5402
8094	9469
8094	5998
8094	8089
8098	4293
8108	6363
8108	11231
8108	8536
8118	7859
8118	5840
8129	3037
8129	7137
8129	7498
8129	9369
8129	1636
8129	233
8129	5450
8135	12100
8135	10367
8137	5410
8150	11831
8151	3289
8151	5398
8152	167
8153	3472
8153	6767
8156	9495
8156	5090
8163	7755
8174	1537
8174	10577
8174	11075
8174	3042
8174	8380
8174	10421
8174	2066
8174	10540
8174	761
8174	11057
8177	6385
8177	11131
8190	10116
8190	4639
8193	960
8197	6618
8198	11686
8198	11243
8198	7876
8201	9185
8201	9759
8201	3019
8201	8262
8205	5660
8207	8489
8207	9548
8211	7927
8211	6075
8211	4933
8217	533
8223	11277
8223	3514
8224	9112
8224	11446
8224	9898
8226	5580
8226	9536
8226	8916
8226	1959
8228	1301
8228	4779
8228	10759
8228	10088
8228	6671
8228	4590
8228	9390
8228	35
8229	5802
8231	11760
8244	1330
8247	4248
8247	8556
8247	4985
8249	6694
8249	41
8249	2708
8249	5596
8249	1809
8256	8212
8256	9703
8260	5611
8260	11348
8260	11258
8260	7033
8260	7039
8260	505
8265	9884
8265	912
8265	1412
8265	9253
8266	10130
8266	2707
8266	4355
8266	4820
8266	9330
8266	8710
8266	3642
8273	6355
8276	8294
8276	772
8276	3753
8279	1998
8279	4815
8279	11813
8280	4169
8280	10120
8280	8756
8280	8600
8280	7274
8280	1371
8281	5493
8291	240
8291	10950
8291	4250
8291	2435
8291	2122
8291	430
8306	10624
8306	11789
8306	2100
8307	5631
8307	1550
8310	10361
8310	3592
8311	2640
8311	3425
8315	4030
8315	10816
8315	5393
8315	7493
8315	5980
8317	5341
8317	8934
8320	9171
8320	4723
8320	816
8323	8595
8331	10768
8332	7859
8332	5840
8337	5982
8337	6379
8337	8467
8337	8154
8339	4174
8339	11913
8339	3136
8339	1061
8341	9283
8345	6461
8345	11755
8345	7694
8347	5371
8347	9252
8347	7343
8347	903
8347	2149
8348	1413
8348	4997
8354	2318
8361	3971
8361	11715
8361	4105
8364	10875
8364	2214
8364	4421
8375	4635
8375	10884
8378	6868
8386	6322
8386	2534
8388	393
8388	4333
8388	10630
8388	4275
8388	1226
8388	5057
8388	3430
8388	8359
8388	11848
8392	10447
8392	11973
8392	5308
8392	8374
8392	7861
8393	733
8393	9978
8393	9286
8394	6447
8394	5354
8394	10735
8394	3875
8397	5384
8397	9208
8400	10066
8401	4490
8401	7981
8401	6286
8401	3908
8407	11171
8407	4675
8407	5927
8409	4938
8424	6385
8424	11131
8428	9873
8428	1287
8428	4390
8428	6884
8428	8984
8432	5641
8432	12
8432	7184
8438	3813
8438	7874
8438	1813
8438	1848
8438	1484
8441	4473
8441	4651
8441	5517
8442	5185
8442	9944
8442	7352
8442	4813
8442	11339
8442	1983
8442	6182
8442	11631
8448	10259
8448	4827
8448	10802
8452	11794
8452	6221
8452	9502
8490	7859
8490	5840
8493	1998
8493	4815
8493	11813
8494	7896
8494	1862
8494	5850
8498	6097
8498	5213
8498	7941
8499	6127
8505	2799
8505	10665
8505	1417
8509	7990
8509	10268
8509	10576
8509	9784
8509	8406
8512	4504
8512	6670
8515	473
8515	6775
8515	11724
8515	2901
8520	11213
8520	8927
8520	8727
8520	5353
8523	71
8533	1777
8533	11587
8535	1734
8535	3378
8535	3902
8535	5301
8535	8906
8549	6908
8549	5575
8552	8805
8552	3573
8552	9239
8558	1089
8558	6026
8558	5978
8559	5580
8559	9536
8559	8916
8559	1959
8567	7538
8567	9070
8573	3439
8574	7862
8577	8519
8577	10801
8577	2095
8577	9661
8581	8142
8581	6990
8581	10509
8584	5485
8584	4949
8584	2222
8584	4439
8585	3439
8589	6023
8597	2366
8597	1553
8597	6141
8602	1777
8602	11587
8612	5812
8612	8995
8613	2835
8613	8371
8613	1808
8613	4989
8613	5043
8613	5303
8613	2463
8615	10197
8615	419
8630	1860
8630	1517
8630	129
8634	11064
8634	5716
8634	5007
8634	6579
8634	9077
8634	2533
8635	9003
8640	6548
8645	7715
8645	9154
8645	4402
8658	9988
8664	2681
8664	7392
8664	9767
8677	9530
8677	5128
8677	5391
8687	11778
8687	5852
8688	1807
8688	9975
8691	1896
8691	2788
8691	11635
8695	4451
8695	9030
8698	6355
8718	10827
8718	9028
8718	11864
8718	115
8718	3729
8719	11070
8719	9868
8719	1570
8719	6262
8719	6426
8730	1956
8730	2243
8730	3429
8732	2351
8732	2916
8736	657
8736	2157
8736	807
8736	1797
8742	10706
8742	416
8742	4998
8743	7631
8743	3565
8750	4713
8750	2951
8750	9263
8750	5360
8751	2530
8752	386
8765	9100
8765	1223
8765	3973
8766	143
8769	5476
8769	11344
8769	779
8773	21
8775	5256
8775	5250
8775	6233
8775	9066
8778	5611
8778	11348
8778	11258
8778	7033
8778	7039
8778	505
8785	1237
8785	11901
8785	11988
8786	4037
8786	7321
8786	6496
8788	10310
8790	8652
8790	10174
8790	3040
8790	8358
8794	6403
8795	476
8795	10500
8795	4711
8795	2953
8798	7267
8798	3437
8800	8928
8800	6033
8800	4111
8800	11759
8800	9568
8800	9826
8802	3909
8802	2082
8802	10067
8802	10356
8804	235
8808	1331
8809	10827
8809	9028
8809	11864
8809	115
8809	3729
8810	7337
8810	9833
8810	9031
8810	11672
8810	2648
8810	3162
8810	5958
8810	11859
8814	8653
8814	8396
8814	9585
8816	1818
8816	10199
8816	6245
8817	6322
8817	2534
8819	2899
8819	10564
8830	7050
8830	2365
8830	8538
8830	4909
8830	10359
8830	3854
8832	6403
8835	10897
8835	7887
8836	1091
8836	645
8836	10461
8836	7951
8836	10831
8836	408
8839	3037
8839	7137
8839	7498
8839	9369
8839	1636
8839	233
8839	5450
8841	5514
8841	969
8841	8
8846	10385
8853	10758
8853	1080
8855	3649
8855	3227
8855	7135
8855	6495
8855	8610
8855	10565
8873	6893
8873	2737
8873	1600
8885	3777
8885	1202
8885	2717
8888	9446
8888	3332
8893	2420
8895	11896
8895	10566
8895	4959
8898	4161
8898	11003
8898	5254
8901	5297
8901	4859
8918	6548
8920	5272
8920	5420
8926	2934
8938	6250
8938	12070
8938	2188
8954	473
8954	6775
8954	11724
8954	2901
8955	7464
8955	3273
8957	2906
8957	1382
8957	6688
8961	9680
8964	7212
8964	2567
8964	8649
8964	4812
8964	2627
8964	3791
8966	836
8975	2420
8981	11728
8981	11275
8981	7022
8981	1670
8983	3333
8983	11682
8990	533
8992	1302
8994	473
8994	6775
8994	11724
8994	2901
8997	6098
9005	7050
9005	2365
9005	8538
9005	4909
9005	10359
9005	3854
9006	5476
9006	11344
9006	779
9011	2397
9011	6769
9011	5327
9022	10197
9022	419
9027	9112
9027	11446
9027	9898
9029	3610
9029	9195
9029	3992
9029	1759
9037	9584
9037	3869
9037	4112
9038	2097
9038	11182
9040	5587
9040	4411
9040	4893
9041	4403
9047	1956
9047	2243
9047	3429
9055	6127
9060	2711
9060	3066
9060	8946
9060	839
9063	10377
9063	4208
9080	9386
9080	12027
9081	5430
9081	11014
9081	1218
9081	3052
9086	9575
9086	3927
9086	9966
9090	10371
9090	373
9092	11313
9092	10335
9092	7587
9092	3442
9095	11718
9095	3404
9099	7894
9099	1575
9099	11946
9106	5653
9106	9035
9106	10629
9106	6115
9109	10111
9109	8344
9109	9620
9116	4161
9116	11003
9116	5254
9118	3985
9120	5341
9120	8934
9129	8516
9132	1780
9132	8382
9132	3810
9146	12017
9146	8473
9146	6034
9146	8545
9158	8020
9158	582
9158	9241
9158	11815
9158	8650
9158	719
9159	3649
9159	3227
9159	7135
9159	6495
9159	8610
9159	10565
9182	7070
9182	9289
9182	5408
9196	2196
9196	11120
9196	2933
9196	1580
9199	1089
9199	6026
9199	5978
9202	9668
9202	2527
9203	2797
9205	9386
9205	12027
9206	4907
9206	8381
9209	7990
9209	10268
9209	10576
9209	9784
9209	8406
9211	6908
9211	5575
9226	11211
9226	6915
9229	8466
9229	8745
9231	11775
9231	10069
9231	8149
9233	3504
9233	2070
9234	12049
9234	5766
9245	4902
9245	3844
9257	10377
9257	4208
9261	1295
9261	6560
9261	11857
9261	12083
9261	7419
9264	9153
9269	10751
9269	2927
9269	2274
9271	9742
9272	6748
9272	7618
9272	9600
9279	167
9280	10605
9280	5847
9287	4516
9287	468
9287	6866
9287	8290
9287	4987
9296	393
9296	4333
9296	10630
9296	4275
9296	1226
9296	5057
9296	3430
9296	8359
9296	11848
9300	9758
9300	10134
9300	951
9300	8679
9300	9091
9300	415
9301	3527
9301	2607
9301	6381
9303	3022
9304	7055
9304	10541
9306	3681
9306	8667
9306	10657
9306	9428
9306	6312
9313	3125
9313	3457
9317	4174
9317	11913
9317	3136
9317	1061
9322	8476
9322	897
9322	788
9322	7272
9322	6038
9326	7990
9326	10268
9326	10576
9326	9784
9326	8406
9337	8418
9337	3172
9337	10112
9339	3868
9339	731
9339	11485
9341	12082
9341	3960
9345	10361
9345	3592
9352	8206
9352	2572
9353	7753
9357	9442
9357	6154
9358	1069
9358	10470
9362	8874
9362	1976
9362	6220
9362	9119
9362	11556
9366	7317
9376	11277
9376	3514
9380	3527
9380	2607
9380	6381
9381	10116
9381	4639
9382	8629
9382	2976
9382	10243
9382	2117
9385	4902
9385	3844
9391	62
9391	2283
9391	8656
9393	85
9393	8571
9393	9255
9393	7307
9395	2799
9395	10665
9395	1417
9401	7210
9401	2417
9401	3804
9401	12045
9401	614
9403	12034
9403	9746
9403	8889
9404	1508
9404	340
9404	9407
9404	8670
9404	4546
9404	8054
9406	8300
9406	8859
9406	2321
9406	5412
9406	7409
9406	11281
9406	11821
9409	10396
9412	1089
9412	6026
9412	5978
9413	6978
9413	9596
9413	2836
9413	9414
9420	8762
9420	11649
9422	7317
9429	7223
9451	11686
9451	11243
9451	7876
9459	9424
9460	7971
9460	1006
9460	7916
9463	1864
9463	1495
9463	4899
9463	6847
9463	2064
9471	11468
9471	7982
9471	227
9471	4221
9471	4049
9471	4305
9471	7825
9472	11299
9472	5116
9472	10986
9472	10943
9472	2755
9479	10521
9479	738
9479	7255
9487	5830
9487	560
9489	11230
9497	6634
9497	7782
9497	4843
9509	5587
9509	4411
9509	4893
9510	3813
9510	7874
9510	1813
9510	1848
9510	1484
9512	5631
9512	1550
9515	9841
9515	10351
9517	8300
9517	8859
9517	2321
9517	5412
9517	7409
9517	11281
9517	11821
9524	7675
9524	1052
9524	212
9524	3080
9532	10147
9537	5592
9539	5580
9539	9536
9539	8916
9539	1959
9542	4664
9542	7922
9542	11511
9542	8812
9559	9939
9559	9014
9562	6459
9562	7123
9562	9660
9581	4490
9581	7981
9581	6286
9581	3908
9599	6774
9599	7742
9612	10447
9612	11973
9612	5308
9612	8374
9612	7861
9613	2147
9613	10473
9617	7753
9623	784
9623	8776
9623	4578
9623	6116
9626	10508
9626	828
9626	2564
9626	8062
9630	6098
9632	8100
9632	7218
9632	7718
9632	8813
9635	516
9635	11416
9635	9445
9638	10279
9638	409
9638	218
9638	11933
9638	6636
9639	3985
9643	8110
9643	5744
9643	11293
9643	12021
9643	3809
9644	11863
9644	6554
9644	12078
9644	9008
9644	10853
9644	9990
9644	2229
9650	2423
9650	7097
9650	6448
9663	8248
9663	4662
9663	8419
9663	5051
9669	10944
9669	7999
9669	956
9669	1875
9669	1456
9669	9256
9669	5237
9673	2749
9674	1901
9674	8457
9674	7771
9677	11222
9677	6973
9692	3534
9700	10309
9700	1830
9700	2742
9700	10048
9701	6492
9701	9867
9704	11064
9704	5716
9704	5007
9704	6579
9704	9077
9704	2533
9705	1909
9705	7521
9705	6731
9705	9887
9705	4398
9707	7807
9707	1131
9708	4593
9708	2516
9708	4184
9709	10193
9728	235
9729	2705
9729	6296
9729	8708
9732	11493
9732	1427
9732	2184
9740	5605
9740	9549
9740	10287
9740	2240
9741	2681
9741	7392
9741	9767
9751	5982
9751	6379
9751	8467
9751	8154
9755	11111
9760	8115
9760	6494
9763	5862
9768	5266
9768	9021
9768	4798
9768	4382
9769	11538
9769	9456
9769	755
9776	8070
9776	5413
9776	11644
9776	10941
9779	11849
9779	7441
9779	9655
9779	11470
9783	12017
9783	8473
9783	6034
9783	8545
9796	9399
9796	9594
9796	125
9802	11093
9802	11618
9805	8395
9809	6928
9809	4040
9809	3114
9809	3465
9809	1028
9810	458
9810	6335
9821	784
9821	8776
9821	4578
9821	6116
9828	10846
9828	10188
9828	10115
9838	12017
9838	8473
9838	6034
9838	8545
9845	8554
9855	12033
9855	2997
9855	4840
9856	11545
9856	10207
9856	6841
9856	6879
9856	4016
9856	1954
9856	8510
9861	353
9861	9811
9861	601
9861	3712
9865	3708
9878	11831
9891	10544
9891	2667
9891	137
9895	3289
9895	5398
9901	10930
9901	11166
9901	6521
9901	8365
9909	657
9909	2157
9909	807
9909	1797
9913	5323
9914	11303
9914	6511
9917	5297
9917	4859
9919	8300
9919	8859
9919	2321
9919	5412
9919	7409
9919	11281
9919	11821
9920	7715
9920	9154
9920	4402
9926	11914
9926	9695
9926	155
9926	2456
9928	12049
9928	5766
9932	7800
9932	3412
9940	11183
9940	7365
9940	1891
9940	9780
9949	248
9949	6604
9949	8495
9949	9032
9953	5255
9953	7134
9953	3372
9954	7862
9958	12034
9958	9746
9958	8889
9965	5065
9965	5465
9974	2395
9974	1269
9976	10259
9976	4827
9976	10802
9977	3303
9977	11928
9977	1228
9977	6717
9977	2142
9984	3989
9985	8070
9985	5413
9985	11644
9985	10941
9986	2775
9986	857
9989	6893
9989	2737
9989	1600
9991	1237
9991	11901
9991	11988
9992	11415
9992	11776
9994	6582
10002	2256
10002	8738
10002	5331
10002	881
10007	5485
10007	4949
10007	2222
10007	4439
10016	7753
10018	4684
10018	2499
10019	6446
10019	10032
10019	8080
10019	2114
10021	11833
10022	11172
10027	6446
10027	10032
10027	8080
10027	2114
10030	5581
10030	8603
10030	7399
10030	58
10037	7950
10037	3097
10037	9238
10037	3546
10037	7869
10045	5605
10045	9549
10045	10287
10045	2240
10046	3022
10047	3018
10047	3766
10053	6894
10057	10782
10061	7755
10062	2853
10062	5329
10064	1325
10064	7264
10080	9742
10083	5587
10083	4411
10083	4893
10086	5514
10086	969
10086	8
10093	7591
10093	10699
10099	3813
10099	7874
10099	1813
10099	1848
10099	1484
10100	9935
10102	1730
10104	1594
10109	10544
10109	2667
10109	137
10121	1666
10121	9431
10121	11951
10124	6539
10131	8621
10131	4156
10131	12090
10132	5436
10132	11740
10132	2508
10135	5018
10138	9424
10145	7533
10148	3610
10148	9195
10148	3992
10148	1759
10149	11195
10149	4368
10149	2476
10149	5024
10155	385
10156	11611
10156	10743
10156	9656
10156	10572
10157	7807
10157	1131
10163	7472
10163	9102
10163	8768
10163	9619
10176	1295
10176	6560
10176	11857
10176	12083
10176	7419
10178	4013
10184	2068
10184	8125
10184	3957
10189	4238
10189	9961
10189	3228
10192	2903
10195	4459
10196	5769
10198	900
10211	7148
10211	5935
10214	11213
10214	8927
10214	8727
10214	5353
10220	8173
10221	2775
10221	857
10223	6774
10223	7742
10224	1284
10224	9071
10234	8285
10234	222
10234	6773
10239	8516
10241	10276
10241	2005
10244	10371
10244	373
10264	5283
10264	9911
10264	10366
10264	4406
10266	2492
10266	2023
10269	2318
10270	8763
10270	913
10270	7560
10274	6224
10277	9742
10278	10956
10288	10361
10288	3592
10289	349
10294	552
10295	1734
10295	3378
10295	3902
10295	5301
10295	8906
10304	6908
10304	5575
10316	2097
10316	11182
10318	7055
10318	10541
10326	10197
10326	419
10329	1413
10329	4997
10337	9683
10337	10228
10347	6508
10347	4762
10352	11217
10352	7778
10352	10072
10352	1053
10352	4170
10352	4339
10354	11924
10354	4741
10354	10962
10354	392
10364	7562
10372	6721
10378	5827
10378	3471
10381	8115
10381	6494
10386	3037
10386	7137
10386	7498
10386	9369
10386	1636
10386	233
10386	5450
10387	7673
10392	2543
10401	248
10401	6604
10401	8495
10401	9032
10403	9501
10407	11908
10407	1370
10407	4847
10408	1998
10408	4815
10408	11813
10409	3321
10409	11619
10412	3985
10417	11775
10417	10069
10417	8149
10419	4238
10419	9961
10419	3228
10420	6232
10420	5333
10424	7472
10424	9102
10424	8768
10424	9619
10425	7856
10425	10400
10431	9276
10434	9221
10435	9561
10435	3727
10435	10
10435	106
10435	1278
10435	6612
10435	8414
10436	9185
10436	9759
10436	3019
10436	8262
10439	7894
10439	1575
10439	11946
10440	7177
10440	1375
10440	7076
10440	11238
10440	17
10440	8225
10440	8850
10445	9174
10445	6934
10445	7329
10448	4174
10448	11913
10448	3136
10448	1061
10449	8587
10454	220
10454	6823
10454	10273
10454	54
10457	1780
10457	8382
10457	3810
10460	7529
10465	120
10465	831
10465	1275
10465	1164
10477	11111
10478	1314
10478	6985
10483	7866
10483	6916
10483	1527
10489	2909
10489	11060
10489	5547
10492	10521
10492	738
10492	7255
10494	9342
10494	724
10498	1776
10507	4473
10507	4651
10507	5517
10511	11217
10511	7778
10511	10072
10511	1053
10511	4170
10511	4339
10512	5448
10512	5029
10514	240
10514	10950
10514	4250
10514	2435
10514	2122
10514	430
10515	9957
10516	8845
10517	11508
10517	2309
10518	240
10518	10950
10518	4250
10518	2435
10518	2122
10518	430
10522	8299
10522	1276
10524	5306
10529	960
10534	11125
10534	6081
10534	3761
10534	10139
10534	10909
10546	6453
10546	5337
10546	7211
10546	5046
10546	9175
10548	2992
10550	377
10550	9333
10551	1730
10560	7055
10560	10541
10563	5384
10563	9208
10568	8468
10568	11592
10575	11438
10584	10428
10584	5443
10585	9628
10585	10714
10590	7994
10590	11617
10590	6497
10590	4055
10590	8586
10596	1919
10596	2118
10596	7857
10596	7152
10596	1810
10599	5724
10599	3703
10599	6323
10599	12058
10599	11254
10599	8607
10599	9511
10600	7007
10600	3261
10600	109
10604	7866
10604	6916
10604	1527
10608	9276
10609	3800
10609	8172
10609	10538
10609	9754
10609	11676
10611	7610
10611	10838
10613	11433
10614	7062
10614	10777
10621	5437
10623	71
10628	1647
10628	10872
10628	4532
10639	11064
10639	5716
10639	5007
10639	6579
10639	9077
10639	2533
10640	6877
10640	7904
10640	3680
10640	1225
10649	110
10652	6160
10652	3324
10652	5438
10652	817
10653	12048
10653	6574
10659	10377
10659	4208
10661	235
10664	5724
10664	3703
10664	6323
10664	12058
10664	11254
10664	8607
10664	9511
10679	6759
10679	1932
10679	2475
10679	342
10679	11716
10679	1479
10679	500
10679	4563
10696	1860
10696	1517
10696	129
10697	4366
10713	9124
10713	4767
10715	306
10715	3767
10716	8942
10716	270
10718	5266
10718	9021
10718	4798
10718	4382
10720	11213
10720	8927
10720	8727
10720	5353
10721	4459
10725	5383
10725	12015
10725	4607
10727	2850
10728	9373
10728	2358
10733	9185
10733	9759
10733	3019
10733	8262
10738	11571
10738	6962
10738	2399
10738	2793
10738	11426
10738	6845
10738	3851
10749	8285
10749	222
10749	6773
10757	7669
10757	1392
10757	867
10762	1446
10762	11744
10764	12106
10764	7793
10775	7562
10786	9003
10791	3045
10794	516
10794	11416
10794	9445
10799	10724
10799	914
10805	2220
10805	6014
10807	5328
10807	1388
10807	11743
10809	9683
10809	10228
10815	3708
10819	8346
10822	11363
10824	9103
10824	3152
10824	7822
10824	8864
10824	11141
10824	12041
10824	9052
10825	11171
10825	4675
10825	5927
10826	7148
10826	5935
10830	7148
10830	5935
10833	5323
10839	11545
10839	10207
10839	6841
10839	6879
10839	4016
10839	1954
10839	8510
10840	6396
10840	5989
10840	8909
10841	7374
10844	2350
10844	6687
10844	9327
10844	2861
10855	1237
10855	11901
10855	11988
10869	7591
10869	10699
10876	3681
10876	8667
10876	10657
10876	9428
10876	6312
10882	5475
10882	1376
10882	3794
10895	6322
10895	2534
10908	10247
10908	11947
10911	9836
10911	4739
10911	329
10911	1558
10917	8212
10917	9703
10924	836
10925	454
10925	9324
10925	5604
10946	8282
10949	6721
10951	5648
10959	8789
10960	2423
10960	7097
10960	6448
10963	8685
10963	8042
10966	9408
10975	3527
10975	2607
10975	6381
10978	9668
10978	2527
10980	7631
10980	3565
10983	4786
10983	5546
11000	1325
11000	7264
11020	3038
11020	6095
11021	7464
11021	3273
11025	2660
11025	6972
11027	11883
11030	489
11030	2883
11031	9153
11032	7839
11032	3614
11034	3800
11034	8172
11034	10538
11034	9754
11034	11676
11035	9628
11035	10714
11036	7449
11036	9089
11036	8988
11036	9604
11040	5065
11040	5465
11041	6541
11041	1133
11048	8652
11048	10174
11048	3040
11048	8358
11052	9275
11052	10369
11054	8874
11054	1976
11054	6220
11054	9119
11054	11556
11058	6694
11058	41
11058	2708
11058	5596
11058	1809
11066	11816
11066	2363
11066	5993
11066	7892
11071	11415
11071	11776
11072	6363
11072	11231
11072	8536
11081	5383
11081	12015
11081	4607
11084	4504
11084	6670
11091	5233
11091	5468
11091	11708
11101	5605
11101	9549
11101	10287
11101	2240
11108	3594
11108	6842
11108	679
11108	4500
11110	7715
11110	9154
11110	4402
11115	10549
11115	5180
11115	10689
11115	5184
11115	8529
11115	5141
11115	1737
11115	60
11115	6680
11119	7950
11119	3097
11119	9238
11119	3546
11119	7869
11124	6085
11124	361
11133	6486
11137	6425
11138	10955
11142	2086
11148	6759
11148	1932
11148	2475
11148	342
11148	11716
11148	1479
11148	500
11148	4563
11155	7426
11155	8324
11163	1485
11165	2492
11165	2023
11179	9561
11179	3727
11179	10
11179	106
11179	1278
11179	6612
11179	8414
11198	3777
11198	1202
11198	2717
11200	1129
11200	267
11200	7766
11200	4973
11205	3439
11208	8826
11208	6543
11208	8168
11212	3795
11212	9753
11214	5368
11214	1902
11214	7652
11214	981
11214	6751
11216	5448
11216	5029
11218	11299
11218	5116
11218	10986
11218	10943
11218	2755
11220	7660
11221	836
11232	1129
11232	267
11232	7766
11232	4973
11235	8653
11235	8396
11235	9585
11237	6453
11237	5337
11237	7211
11237	5046
11237	9175
11240	6539
11241	5812
11241	8995
11244	349
11251	3610
11251	9195
11251	3992
11251	1759
11263	5769
11264	4420
11264	11224
11267	9680
11269	7660
11276	7337
11276	9833
11276	9031
11276	11672
11276	2648
11276	3162
11276	5958
11276	11859
11283	1956
11283	2243
11283	3429
11290	1681
11290	4175
11290	1214
11296	4635
11296	10884
11300	1860
11300	1517
11300	129
11316	11538
11316	9456
11316	755
11323	7070
11323	9289
11323	5408
11325	349
11334	5580
11334	9536
11334	8916
11334	1959
11337	9747
11337	6339
11337	1266
11338	7856
11338	10400
11341	9758
11341	10134
11341	951
11341	8679
11341	9091
11341	415
11354	7374
11356	5485
11356	4949
11356	2222
11356	4439
11361	6459
11361	7123
11361	9660
11365	5475
11365	1376
11365	3794
11373	5493
11379	2196
11379	11120
11379	2933
11379	1580
11382	3924
11382	3479
11382	6185
11386	6452
11387	3350
11387	9725
11387	11689
11391	8466
11391	8745
11393	353
11393	9811
11393	601
11393	3712
11396	366
11396	5163
11396	10246
11396	1449
11401	5718
11403	617
11410	2885
11410	4957
11414	312
11414	3941
11418	6868
11422	11854
11422	11288
11424	9174
11424	6934
11424	7329
11425	6098
11427	3443
11427	9043
11427	1764
11432	975
11432	11583
11432	10017
11432	9486
11435	5648
11456	9680
11458	726
11458	1108
11460	1840
11460	11409
11460	6279
11460	4307
11462	9166
11462	4363
11471	2086
11473	11172
11475	10955
11476	8285
11476	222
11476	6773
11477	784
11477	8776
11477	4578
11477	6116
11486	1779
11492	7753
11496	4995
11496	7179
11500	6893
11500	2737
11500	1600
11501	3038
11501	6095
11502	3862
11512	9758
11512	10134
11512	951
11512	8679
11512	9091
11512	415
11513	1896
11513	2788
11513	11635
11518	3303
11518	11928
11518	1228
11518	6717
11518	2142
11520	10956
11525	8476
11525	897
11525	788
11525	7272
11525	6038
11528	3191
11528	1347
11528	11876
11532	6425
11540	7866
11540	6916
11540	1527
11541	1738
11544	6694
11544	41
11544	2708
11544	5596
11544	1809
11547	8070
11547	5413
11547	11644
11547	10941
11548	3182
11551	1161
11551	1806
11551	10531
11568	11284
11568	3206
11568	987
11574	9374
11580	1631
11580	5382
11581	3909
11581	2082
11581	10067
11581	10356
11582	1314
11582	6985
11586	11863
11586	6554
11586	12078
11586	9008
11586	10853
11586	9990
11586	2229
11591	10276
11591	2005
11595	8770
11595	2732
11598	3722
11598	4640
11598	9930
11601	5877
11606	3435
11606	8052
11606	11262
11607	10724
11607	914
11608	6595
11608	1149
11609	10724
11609	914
11615	116
11615	11086
11615	3338
11615	1796
11623	8110
11623	5744
11623	11293
11623	12021
11623	3809
11625	8516
11634	9079
11637	3681
11637	8667
11637	10657
11637	9428
11637	6312
11647	10624
11647	11789
11647	2100
11648	7925
11659	1894
11659	5583
11662	1909
11662	7521
11662	6731
11662	9887
11662	4398
11667	896
11667	10972
11669	2141
11679	7055
11679	10541
11684	3036
11691	3182
11692	8264
11692	640
11693	4907
11693	8381
11695	11299
11695	5116
11695	10986
11695	10943
11695	2755
11700	3022
11704	5485
11704	4949
11704	2222
11704	4439
11706	11875
11711	5724
11711	3703
11711	6323
11711	12058
11711	11254
11711	8607
11711	9511
11713	454
11713	9324
11713	5604
11719	7781
11719	7058
11719	3483
11723	11957
11723	7676
11723	8861
11723	6740
11723	11869
11725	8886
11725	3850
11725	1870
11725	7594
11725	4012
11725	4537
11729	11277
11729	3514
11731	10066
11732	4684
11732	2499
11733	5437
11745	3922
11748	4303
11748	182
11748	9557
11773	5201
11777	11545
11777	10207
11777	6841
11777	6879
11777	4016
11777	1954
11777	8510
11796	5713
11796	7514
11796	4441
11797	3722
11797	4640
11797	9930
11799	6978
11799	9596
11799	2836
11799	9414
11801	4205
11801	2808
11801	8639
11801	11921
11809	475
11809	8739
11809	3296
11809	4705
11809	3723
11819	5328
11819	1388
11819	11743
11820	7946
11820	8232
11823	9900
11823	7986
11823	8982
11824	12048
11824	6574
11827	11363
11829	5402
11834	458
11834	6335
11837	3577
11837	11306
11837	6485
11842	10923
11842	11192
11842	5497
11851	7270
11851	5092
11851	243
11852	9469
11852	5998
11852	8089
11862	10537
11862	3195
11884	9302
11884	9860
11892	3909
11892	2082
11892	10067
11892	10356
11900	5123
11900	11530
11900	2357
11900	1081
11900	7496
11900	1361
11900	1424
11900	351
11900	9565
11903	2992
11906	455
11918	726
11918	1108
11919	6431
11919	7696
11919	4311
11919	6611
11919	7527
11930	11571
11930	6962
11930	2399
11930	2793
11930	11426
11930	6845
11930	3851
11935	2443
11937	10279
11937	409
11937	218
11937	11933
11937	6636
11939	3610
11939	9195
11939	3992
11939	1759
11940	8886
11940	3850
11940	1870
11940	7594
11940	4012
11940	4537
11942	6097
11942	5213
11942	7941
11945	552
11961	6004
11961	5055
11962	11883
11967	474
11970	6877
11970	7904
11970	3680
11970	1225
11971	7567
11972	10193
11977	1919
11977	2118
11977	7857
11977	7152
11977	1810
11979	5862
11984	8214
11984	1774
11984	376
11987	482
11995	3045
11996	366
11996	5163
11996	10246
11996	1449
11999	4848
12000	2799
12000	10665
12000	1417
12007	8595
12008	9283
12011	6049
12011	1327
12012	2423
12012	7097
12012	6448
12026	7963
12026	6462
12026	6790
12026	12025
12030	10544
12030	2667
12030	137
12038	9204
12038	4653
12043	5185
12043	9944
12043	7352
12043	4813
12043	11339
12043	1983
12043	6182
12043	11631
12044	6016
12044	11997
12044	940
12044	4020
12044	6219
12044	8542
12055	9530
12055	5128
12055	5391
12061	5430
12061	11014
12061	1218
12061	3052
12064	2219
12067	10724
12067	914
12068	4540
12072	7695
12072	7907
12072	3390
12072	4454
12076	7529
12081	11849
12081	7441
12081	9655
12081	11470
12086	960
12089	110
12099	7823
12099	4346
12099	4914
12103	12039
12111	2906
12111	1382
12111	6688
