1	4852
3	11919
8	9451
10	10145
12	6438
16	12026
17	2271
18	1334
20	8522
21	2312
24	1207
27	1285
28	7249
35	3411
41	6913
43	3972
46	6609
47	7064
48	2676
50	8098
51	7286
53	3485
54	9120
58	11172
60	5026
61	1711
62	12102
64	1943
65	11030
67	3295
69	2405
70	10697
71	1425
74	11020
76	4546
77	7663
78	46
85	6835
86	5166
89	8616
94	10278
95	4512
96	9141
103	10600
106	10145
108	11071
109	3584
110	703
112	3293
115	11608
116	268
117	8192
120	9041
123	9818
124	6708
125	3928
129	9352
130	1079
137	11269
138	11606
141	11997
142	4854
143	5430
146	911
155	9422
158	8432
164	8457
165	4870
167	1156
168	1280
169	7154
171	3544
175	10067
177	1302
181	11997
187	2281
188	11903
191	5269
195	7496
197	5194
201	10131
204	5843
209	2728
210	3339
212	306
215	6236
218	11862
220	9120
222	3799
223	4974
227	953
229	11232
232	1713
232	9091
233	4764
234	1298
235	1196
240	1729
242	3377
243	9530
244	8832
245	10279
246	11212
248	8098
249	1645
250	11606
256	2406
257	5760
262	9451
263	9821
264	4854
265	479
268	7958
269	7722
270	6103
271	5022
272	2874
274	6694
276	11137
281	1586
283	494
288	9456
290	4526
293	7406
295	12002
296	8110
299	643
300	4385
301	9262
302	9799
303	5460
305	6993
306	9524
312	8123
314	1509
315	3594
316	10942
320	2797
321	11373
325	3910
329	5980
331	6913
332	443
334	7427
336	1302
339	373
340	11025
342	8302
344	6678
347	2874
348	10185
349	4352
351	6844
353	10959
354	2109
356	10121
361	6138
365	480
366	7120
373	1476
374	42
375	7212
377	9619
380	11801
382	10580
383	5712
385	5445
386	5247
392	4808
393	7164
405	6383
407	11972
408	10575
409	11862
410	3237
412	281
415	3116
416	7376
418	1797
419	9269
420	6051
421	8658
423	7422
424	599
425	230
428	6085
429	3604
430	1729
434	8017
435	599
436	8001
440	9373
441	4526
443	3938
445	9480
446	8559
447	10633
452	268
453	2933
454	1258
455	5155
458	3930
463	7784
464	8815
466	7120
467	4566
468	4034
472	11020
473	12103
474	1325
475	6967
476	11054
480	8651
481	8229
482	6717
483	3091
484	7186
485	658
486	129
488	9291
489	65
490	6560
492	8732
496	2540
500	8302
502	6479
503	1118
505	12068
512	1785
516	9843
521	947
524	9521
531	5228
533	10942
535	6051
536	10923
538	6004
540	5454
541	3604
544	7052
546	6306
547	4390
549	7198
550	4352
552	6502
553	911
557	11150
558	3083
560	5570
564	7619
566	12076
573	531
574	9403
575	5883
576	8584
579	5190
581	12029
582	6951
584	11636
585	3
588	10392
589	10640
591	4849
593	4923
598	3014
601	10959
604	598
609	9842
610	5399
613	5247
614	10713
615	599
616	6051
617	11157
619	1918
620	6659
624	3071
626	4854
628	10287
631	5945
632	6096
639	3604
640	11446
642	3296
643	6292
644	9855
645	10575
647	9110
648	7919
653	6362
655	1119
656	6750
657	5675
665	6820
667	3485
668	1797
669	6222
670	5063
671	11591
675	10605
677	5980
679	4601
683	9095
685	10953
686	7468
690	3822
691	3071
697	656
698	773
700	8766
702	11906
703	12089
704	2334
704	1783
705	3644
709	5209
710	10947
719	6951
720	12072
724	281
726	6504
727	8918
729	8523
731	8374
733	6058
738	11138
739	11414
740	5945
741	11598
742	10470
748	7874
754	4279
755	10061
756	7288
761	10791
767	2818
772	8298
775	4655
779	9932
782	6835
784	5760
788	1288
789	484
791	6140
794	11187
795	4992
796	9427
807	5675
814	6810
816	12106
817	7558
819	5206
820	7913
824	8276
826	4126
827	9459
828	8498
831	9041
835	3930
836	7193
837	1807
838	8070
839	10522
843	7534
844	2474
845	8964
847	8302
848	3322
850	11187
855	5712
856	293
857	91
858	479
861	3409
864	69
865	5796
867	3523
872	826
873	4999
875	9954
878	6967
881	3202
883	1807
885	12044
886	8928
888	11595
890	610
892	896
896	7052
897	1288
898	10273
900	11299
902	7768
903	3762
909	12011
911	526
912	8523
913	1943
914	11027
928	9120
933	4108
934	11692
936	9669
937	11269
940	4661
948	8302
949	7463
951	3116
952	7593
953	7754
956	2063
960	3558
964	4299
966	10908
967	11388
968	11618
969	9451
975	11903
979	9643
981	242
982	6646
985	9524
987	4170
990	2290
992	9562
994	10866
995	10515
1006	496
1014	4601
1015	10959
1016	11595
1021	1347
1022	11020
1026	9639
1027	2796
1028	8229
1031	1918
1032	11796
1034	269
1036	8592
1039	5902
1041	8345
1042	8345
1043	2954
1048	1929
1050	6767
1052	306
1053	11568
1056	3644
1058	4910
1059	11155
1061	4974
1063	10125
1066	4601
1069	3571
1071	6633
1072	6054
1077	1711
1080	6452
1081	6844
1083	3296
1088	11365
1089	4602
1090	6524
1091	10575
1094	9492
1102	3352
1103	12038
1107	911
1108	6504
1109	3644
1110	8944
1113	4894
1116	10449
1120	6739
1123	10857
1125	6678
1126	10038
1131	10264
1133	6973
1141	1884
1144	5828
1148	10431
1149	11864
1154	1362
1160	4854
1161	11450
1164	9041
1174	8110
1180	12106
1185	2086
1188	9280
1193	2401
1196	6956
1199	7137
1202	8006
1207	6921
1209	8589
1211	6626
1212	3950
1213	8928
1214	6915
1215	10550
1216	5617
1218	8766
1222	4423
1223	643
1225	4849
1226	7164
1228	4225
1229	2961
1232	5643
1234	8223
1237	3950
1245	7325
1248	11365
1250	3928
1254	843
1257	8589
1258	5114
1260	8785
1264	5643
1265	4186
1266	8821
1267	9262
1269	9049
1274	11459
1275	9041
1276	2711
1278	10145
1279	11341
1280	6181
1282	3116
1284	7163
1285	6152
1286	10100
1287	10378
1288	6899
1292	4526
1293	514
1295	1293
1297	1285
1298	6281
1300	10130
1301	3411
1302	10215
1303	2474
1304	11586
1308	1156
1312	1711
1314	2379
1321	11137
1322	9492
1325	6155
1327	1187
1329	6398
1330	6987
1331	2250
1334	1727
1336	643
1339	6560
1343	3413
1344	3910
1346	3364
1347	3972
1348	57
1350	8821
1351	9216
1352	6524
1354	979
1357	4216
1358	2384
1359	1019
1361	6844
1362	11187
1364	5576
1370	4644
1371	2384
1372	1645
1375	2271
1376	7229
1378	2319
1379	1425
1381	11680
1382	4825
1383	9524
1384	11067
1388	3825
1392	3523
1393	8043
1394	6755
1397	2874
1398	9055
1399	5218
1400	6880
1401	118
1403	6013
1407	2319
1412	8523
1413	6418
1417	4512
1421	8962
1424	6844
1427	1720
1428	5914
1434	11025
1439	7620
1441	5430
1442	9341
1446	734
1449	7120
1453	4049
1456	2063
1461	11906
1464	1256
1465	7042
1466	11773
1468	3090
1469	9845
1476	10244
1478	4800
1479	8302
1483	10185
1484	1027
1485	8815
1488	11071
1489	10500
1493	5082
1495	9877
1506	6438
1508	11025
1515	3244
1517	9352
1526	277
1527	4802
1528	6913
1529	9038
1530	8156
1531	5299
1532	12079
1534	12079
1536	12072
1537	10791
1539	11544
1545	6791
1550	1953
1553	11519
1555	10589
1557	1595
1558	5980
1560	10701
1561	3415
1563	8823
1564	8374
1565	11315
1567	11540
1570	11606
1575	2334
1575	1783
1576	2229
1580	8983
1583	5739
1584	494
1585	6051
1587	3926
1589	4034
1590	256
1593	8378
1594	7356
1595	4874
1599	7798
1600	5052
1601	8247
1606	7816
1610	7422
1612	12068
1613	7376
1614	9373
1615	5712
1621	1334
1627	1280
1630	268
1631	9151
1634	9401
1635	4865
1636	4764
1640	6683
1643	5209
1645	1756
1647	2847
1651	11464
1652	5100
1653	6078
1657	2600
1658	7784
1659	6983
1663	2211
1666	2109
1670	8971
1671	478
1677	4512
1679	1347
1681	6915
1683	6622
1689	10786
1690	1493
1697	12011
1698	10633
1710	6684
1711	806
1714	2379
1716	4401
1717	7463
1720	1112
1722	7606
1723	6345
1726	279
1729	2603
1730	7505
1734	8043
1735	6311
1737	5026
1738	5178
1739	4273
1740	10125
1744	6835
1746	2964
1757	11054
1758	10600
1759	4868
1761	7496
1764	6527
1765	10021
1766	11296
1767	6633
1768	7364
1777	9114
1779	11318
1780	8038
1781	665
1783	7095
1784	8823
1790	1711
1793	8432
1794	2954
1795	11591
1796	268
1797	5675
1801	7120
1805	5544
1806	11450
1807	425
1808	10600
1809	6913
1810	5662
1813	1027
1815	11591
1818	11999
1819	3706
1821	8928
1822	953
1823	6857
1827	8245
1828	7191
1830	1077
1836	10806
1837	9810
1840	1108
1843	2474
1846	3400
1848	1027
1852	10061
1855	8886
1858	11706
1859	4074
1860	9352
1861	8895
1863	1797
1864	9877
1866	6035
1867	1720
1870	293
1872	7347
1874	8589
1875	2063
1881	11997
1882	8549
1884	2228
1889	10449
1890	9645
1891	6534
1892	7364
1894	10515
1896	9596
1898	8276
1901	5571
1902	242
1904	5430
1905	9829
1909	7663
1912	8156
1916	5571
1919	5662
1920	10713
1924	11051
1925	6905
1929	2518
1930	12047
1932	8302
1940	10259
1942	4059
1943	3830
1946	11158
1952	7715
1953	9512
1954	11801
1956	11150
1959	446
1962	947
1964	8778
1966	6626
1968	11035
1970	9546
1972	5926
1974	2281
1976	10500
1977	2109
1979	3296
1981	5902
1983	3604
1985	11373
1989	4517
1990	10757
1993	703
1995	3128
1997	7163
1998	8156
1999	4658
2002	5235
2005	7827
2007	11464
2010	771
2011	8432
2016	7356
2021	6063
2023	3237
2025	46
2026	9129
2028	11240
2029	3762
2034	6921
2035	7191
2037	9037
2038	2086
2039	9669
2042	4074
2045	531
2047	4938
2052	6619
2054	8293
2055	561
2057	11823
2058	5737
2059	7464
2060	7288
2062	11025
2064	9877
2066	10791
2067	10131
2068	5299
2070	2697
2071	8577
2072	11232
2075	4196
2076	3594
2079	979
2080	9151
2081	2158
2082	8190
2083	10434
2084	1739
2085	738
2086	7776
2087	1077
2090	5456
2094	11315
2095	2071
2097	4865
2100	6865
2102	9317
2109	7185
2114	8658
2117	6955
2118	5662
2119	3110
2122	1729
2124	11414
2134	5034
2139	3985
2140	4183
2141	5248
2142	4225
2144	10738
2147	7427
2148	6302
2149	3762
2150	8012
2151	4944
2154	8302
2155	11148
2157	5675
2158	5892
2162	2964
2163	10440
2168	251
2169	1884
2170	7928
2171	10908
2173	11187
2175	10198
2177	3682
2184	1720
2188	6236
2190	7751
2193	4611
2194	4802
2196	8983
2208	10403
2210	8457
2213	1207
2214	2874
2216	9276
2220	911
2221	4059
2222	10757
2229	7325
2232	6232
2234	10145
2235	8245
2238	8156
2240	6260
2243	11150
2244	1711
2248	3322
2249	4764
2250	1342
2251	8129
2253	11999
2256	3202
2257	4034
2261	9546
2265	10614
2268	7674
2269	11997
2271	1518
2274	2019
2275	8332
2277	2592
2281	9271
2283	12102
2284	3781
2286	720
2287	6659
2293	11492
2294	11137
2295	8944
2296	8293
2301	4893
2306	5584
2307	5407
2309	430
2318	9657
2319	2825
2321	9773
2325	8494
2326	3400
2329	11414
2331	7428
2334	7095
2336	6851
2339	10994
2340	11414
2349	5218
2350	5926
2351	492
2353	4223
2354	4868
2357	6844
2358	6696
2361	6054
2363	12064
2364	3762
2365	6850
2366	11519
2369	9796
2376	5178
2377	7120
2378	6865
2379	6226
2380	6810
2384	8280
2389	11261
2391	6438
2392	8043
2394	7970
2395	9049
2397	6397
2399	69
2401	8031
2404	10840
2409	10266
2416	6140
2417	10713
2420	6905
2423	6730
2424	1923
2426	1098
2427	6752
2429	7661
2432	11373
2433	8156
2435	1729
2436	5544
2443	2177
2444	5914
2445	8842
2447	6078
2450	6054
2452	2026
2456	9422
2462	1929
2463	10600
2464	9624
2466	6362
2470	1196
2474	9146
2475	8302
2479	5576
2483	191
2486	5101
2489	1594
2490	8685
2492	3237
2499	5522
2503	256
2508	3400
2509	11864
2511	3930
2512	6414
2513	4442
2515	6739
2516	5047
2521	7663
2525	4225
2526	953
2527	4527
2533	2974
2534	7422
2536	599
2539	1148
2540	4652
2543	11563
2544	10791
2551	7129
2552	8153
2559	4910
2563	9041
2564	8498
2565	4548
2567	10947
2570	9810
2571	11591
2572	129
2574	10925
2581	2876
2583	6865
2584	10757
2586	5523
2589	8509
2597	11187
2599	2282
2601	11414
2605	470
2607	7768
2608	1207
2617	10038
2619	2214
2620	9257
2623	4835
2625	9385
2627	10947
2628	430
2630	5389
2634	5057
2635	7620
2637	4868
2640	3295
2641	6447
2648	9810
2655	268
2657	8756
2660	4546
2662	7314
2663	9810
2665	8573
2667	11269
2670	11762
2673	3244
2675	11071
2676	8201
2677	3110
2680	11213
2681	8293
2685	3473
2688	140
2689	4223
2692	10673
2694	6211
2696	11133
2697	7173
2703	7663
2705	10815
2707	7154
2708	6913
2709	7827
2711	10522
2713	11446
2714	599
2717	8006
2719	11945
2722	3110
2731	11373
2732	5715
2734	579
2737	5052
2738	6383
2741	10515
2742	1077
2743	8900
2744	5339
2745	11157
2746	2229
2747	7970
2748	6125
2749	6524
2751	2485
2753	1710
2754	5967
2755	10198
2756	8276
2757	3592
2764	3
2766	3208
2767	7523
2773	3322
2775	91
2776	1595
2778	10605
2780	4186
2786	11388
2788	9596
2789	492
2793	69
2797	3926
2798	6251
2799	4512
2801	6646
2802	10266
2803	1968
2805	9932
2806	9055
2807	9120
2808	3145
2809	8886
2811	6524
2812	8452
2813	10378
2814	5662
2815	9099
2823	1102
2826	11680
2827	1108
2831	7006
2834	10266
2835	10600
2836	11513
2840	10923
2841	9802
2845	5042
2846	4365
2847	6386
2849	6326
2850	11060
2851	5688
2853	9593
2854	5248
2855	6921
2861	5926
2863	1187
2867	425
2869	6742
2873	3110
2874	8364
2876	842
2881	10550
2882	3237
2883	65
2885	10397
2887	2797
2890	5206
2893	165
2896	3097
2899	4944
2900	7364
2901	12103
2903	5454
2905	8658
2906	4825
2909	5373
2912	6967
2916	492
2919	1918
2925	629
2926	11444
2927	2019
2928	12048
2933	8983
2934	8592
2937	297
2943	6752
2945	3294
2946	9669
2951	4013
2953	11054
2954	9985
2959	4837
2962	4059
2964	8015
2968	3244
2970	11027
2972	9452
2973	6687
2974	8634
2975	1720
2976	6955
2978	10021
2979	5034
2981	5576
2982	8098
2983	5265
2984	7120
2992	975
2994	6850
2997	5369
3002	9350
3004	46
3005	9352
3007	6137
3009	2522
3015	6345
3018	11459
3019	2676
3021	165
3022	6398
3026	8315
3032	8955
3035	11414
3036	4907
3037	4764
3038	587
3040	3071
3042	10791
3043	3
3045	1537
3047	7064
3048	7807
3052	8766
3054	129
3058	5194
3063	4730
3065	1645
3066	10522
3067	3910
3070	8823
3071	11048
3072	10330
3074	3216
3078	4868
3080	306
3082	8589
3087	9546
3090	769
3096	7154
3097	4087
3100	5571
3102	9810
3104	3979
3109	826
3110	6922
3111	5675
3112	6314
3114	8229
3116	401
3117	6103
3125	10130
3126	11027
3128	4180
3129	6633
3130	10791
3134	2540
3136	4974
3140	1929
3142	10187
3142	3610
3144	10025
3148	8279
3152	10187
3152	3610
3154	8432
3155	8006
3162	9810
3163	7265
3166	7129
3167	6534
3168	12072
3169	10881
3171	9681
3172	3508
3175	2086
3182	9427
3184	2418
3187	416
3188	11563
3191	3972
3195	10279
3196	293
3197	5101
3200	10227
3201	10844
3202	2131
3204	5248
3205	599
3206	4170
3209	5926
3221	2964
3227	4943
3228	10123
3231	3833
3232	2214
3234	2847
3236	9730
3239	6626
3244	7201
3248	46
3250	1362
3254	1899
3256	11446
3257	11158
3258	2071
3261	3584
3265	7926
3272	10018
3273	2150
3274	2260
3278	3026
3279	3143
3280	404
3282	7705
3284	6633
3285	2691
3286	3985
3289	3074
3292	454
3293	519
3295	3244
3296	6967
3297	10392
3298	10185
3303	4225
3309	3833
3310	6752
3312	10575
3313	4142
3317	979
3321	11796
3322	2529
3324	7558
3327	3485
3330	6438
3331	6137
3332	11133
3333	2933
3336	11137
3338	268
3339	7153
3345	6211
3348	11692
3349	11598
3350	4894
3351	7898
3361	9932
3362	8589
3367	303
3372	12066
3373	9279
3376	4225
3378	8043
3380	5477
3385	8190
3390	720
3392	4522
3395	11213
3396	8407
3397	9080
3400	32
3402	6064
3404	683
3405	5110
3411	8228
3412	5476
3415	7239
3420	46
3421	10696
3422	1235
3425	3295
3428	10031
3429	11150
3430	7164
3434	8345
3435	1570
3437	11972
3439	10464
3442	6383
3443	6527
3448	6051
3454	5047
3455	353
3457	10130
3459	12102
3465	8229
3467	2465
3468	446
3471	4390
3472	2552
3474	5477
3475	531
3479	8755
3480	6004
3483	7047
3486	2214
3487	3985
3488	9524
3490	425
3492	3322
3498	5047
3504	2697
3505	6905
3507	8232
3509	6326
3514	4423
3516	953
3520	12064
3525	2537
3526	11486
3527	7768
3534	8276
3535	10733
3538	479
3545	9895
3546	4087
3558	12086
3561	2040
3562	1102
3563	4569
3564	8432
3565	10951
3566	8378
3571	781
3573	11064
3575	11318
3576	9524
3577	12093
3579	1413
3589	9932
3590	4742
3591	5437
3592	7414
3594	4601
3597	826
3601	8589
3603	11187
3604	12043
3605	2876
3607	6398
3610	4868
3614	6211
3615	69
3616	6835
3617	10100
3619	10529
3621	11036
3622	843
3624	12064
3626	3105
3628	6383
3630	3411
3631	10953
3632	2177
3634	10132
3637	7395
3642	7154
3644	4665
3645	3
3646	10544
3647	2334
3647	1783
3649	4943
3655	6872
3661	204
3665	9681
3666	8231
3669	598
3670	4959
3671	2150
3674	4548
3679	11232
3680	4849
3681	4431
3684	4929
3686	9350
3690	9110
3694	8229
3695	5183
3696	2540
3701	6810
3702	5047
3703	9341
3708	11051
3712	10959
3714	5436
3717	129
3719	6678
3722	7211
3723	6967
3724	6353
3727	10145
3729	11608
3731	7286
3732	2404
3736	11290
3737	8658
3738	10027
3740	947
3741	7163
3745	5155
3750	6222
3753	8298
3757	4526
3760	7620
3761	4186
3762	3553
3763	7929
3766	11459
3767	9524
3769	8567
3771	3202
3774	8523
3777	8006
3785	11723
3790	6411
3791	10947
3793	1861
3794	7229
3795	7253
3796	8756
3798	10266
3799	10749
3800	4835
3801	1103
3804	10713
3809	979
3810	8038
3811	5180
3812	6003
3813	1027
3814	3322
3815	8231
3816	921
3819	6222
3821	5571
3824	771
3825	6907
3828	12029
3829	3644
3832	6622
3834	7874
3835	7558
3837	3411
3839	10205
3840	2480
3841	1020
3842	1511
3844	3840
3845	3808
3848	9429
3849	4835
3850	293
3851	69
3852	10575
3853	2874
3854	6850
3856	11187
3858	3846
3862	7929
3865	10100
3868	8374
3869	467
3872	5571
3875	1739
3878	9427
3886	911
3888	2797
3889	8595
3895	7665
3897	8557
3899	1713
3899	9091
3901	9818
3902	8043
3903	8323
3904	10059
3906	4183
3908	2798
3909	8190
3910	6326
3911	209
3913	2401
3918	9422
3919	6236
3921	2540
3922	10392
3923	5026
3924	8755
3926	3342
3927	2152
3928	4917
3929	7784
3931	4588
3932	7288
3941	8123
3942	11137
3944	4818
3945	7784
3947	11598
3950	9991
3952	7191
3953	303
3955	3020
3956	446
3957	5299
3959	11299
3960	5922
3961	10145
3964	8658
3966	8918
3967	1711
3971	7428
3972	11528
3973	643
3980	4034
3981	3594
3982	8245
3983	10266
3984	2553
3985	1026
3987	6810
3989	11502
3990	10281
3992	4868
3993	8962
3995	5796
4006	11502
4008	416
4010	3083
4012	293
4013	4588
4014	11325
4015	9264
4016	11801
4017	7395
4020	4661
4022	4302
4024	3411
4025	10600
4026	6717
4029	4802
4030	3026
4034	4092
4036	5544
4037	1019
4039	3691
4040	8229
4041	11414
4044	5945
4045	10264
4048	8319
4049	953
4052	2589
4053	721
4055	2766
4057	9877
4059	3017
4060	6752
4063	9773
4065	9542
4069	8886
4072	1425
4074	2316
4077	2592
4082	1285
4086	471
4087	56
4088	11979
4093	8123
4094	9515
4097	7463
4098	1102
4102	8034
4104	7851
4105	7428
4108	10339
4110	6694
4111	2630
4112	467
4114	10401
4116	11801
4117	5026
4119	8229
4122	12011
4123	11862
4124	7665
4126	1409
4127	1476
4129	8438
4131	11296
4134	4034
4137	1487
4139	4910
4140	6137
4142	4165
4147	10100
4155	11269
4156	6810
4157	5178
4158	5662
4160	9431
4161	7506
4166	1836
4169	2384
4170	11568
4174	4974
4175	6915
4178	5022
4179	11796
4181	3598
4184	5047
4185	9773
4186	2535
4190	11692
4191	1077
4193	11020
4194	69
4198	2646
4199	1595
4205	3145
4206	3604
4208	10697
4210	6714
4211	665
4213	6951
4216	7794
4221	953
4224	7364
4225	6621
4233	3508
4234	10038
4236	6051
4238	10123
4242	3746
4243	11296
4246	9408
4248	561
4250	1729
4251	2940
4262	8156
4263	9110
4264	4967
4265	5476
4267	8523
4268	1156
4269	3334
4274	484
4275	7164
4279	7797
4280	484
4282	665
4288	8928
4293	248
4305	953
4306	6054
4307	1108
4310	7404
4311	3
4312	10673
4316	8498
4320	11459
4325	8994
4327	5177
4331	11906
4333	7164
4336	11414
4337	10021
4339	11568
4340	8245
4342	10059
4346	4700
4348	7212
4350	4730
4352	5654
4354	11862
4355	7154
4356	6383
4360	11665
4363	209
4366	4208
4367	4049
4377	11823
4378	10822
4382	11829
4389	9214
4390	10378
4393	599
4398	7663
4400	4655
4401	11820
4402	8410
4403	1164
4404	11333
4406	7807
4411	12085
4413	6967
4417	11020
4420	3180
4421	2874
4423	7762
4425	10713
4426	10145
4430	12029
4431	1420
4438	7841
4439	10757
4441	5736
4442	10053
4444	2312
4446	10403
4447	10519
4447	6011
4448	2553
4451	8070
4452	293
4453	2177
4454	720
4458	8633
4459	8616
4460	7240
4463	9341
4464	10130
4465	6438
4471	4764
4473	3293
4476	10234
4481	953
4482	3131
4488	7970
4489	10805
4490	2798
4491	11665
4493	7464
4494	11232
4497	11598
4500	4601
4501	268
4502	9619
4504	9055
4509	10809
4510	7120
4511	11060
4512	8505
4513	473
4514	5902
4516	4034
4517	767
4519	479
4521	7688
4526	2575
4527	10978
4528	2115
4531	8395
4532	2847
4537	293
4540	4240
4544	11054
4546	11025
4548	2111
4553	5987
4557	9593
4559	5570
4563	8302
4570	8928
4572	9120
4574	7970
4576	9524
4578	5760
4579	7052
4580	911
4582	12011
4586	459
4588	176
4589	9855
4590	3411
4591	10347
4592	4548
4593	5047
4594	8432
4598	9393
4600	416
4601	1996
4602	9199
4605	4764
4607	12011
4608	11997
4612	217
4615	5576
4619	9435
4622	11796
4625	2397
4627	6447
4634	446
4635	10281
4639	10067
4640	7211
4644	6836
4648	826
4650	3244
4651	3293
4653	1103
4656	643
4661	4729
4662	7404
4664	4065
4666	6345
4667	11731
4672	6955
4673	3804
4674	4943
4675	5110
4678	6058
4679	7898
4684	5522
4689	2420
4690	12011
4691	7898
4694	2312
4698	242
4705	6967
4706	7620
4707	1682
4711	11054
4713	4013
4714	6752
4715	10131
4716	7665
4718	4001
4722	7286
4723	12106
4724	6752
4725	10031
4726	416
4727	10266
4728	1431
4730	6477
4731	7129
4732	10515
4734	3293
4735	3121
4739	5980
4741	4808
4744	6787
4748	2974
4754	9431
4756	11020
4757	2697
4762	3339
4763	11027
4764	8839
4767	3804
4768	7479
4772	896
4775	7620
4779	3411
4786	9408
4789	9472
4793	11979
4797	3150
4798	11829
4802	10483
4807	11974
4808	216
4812	10947
4813	3604
4814	479
4815	8156
4818	5945
4819	293
4820	7154
4823	947
4824	5047
4825	8957
4827	2401
4829	11041
4831	9261
4835	11034
4837	8331
4840	5369
4841	10791
4843	10100
4845	2726
4847	4644
4848	10199
4849	3084
4854	7319
4855	6955
4857	1128
4859	5249
4860	4126
4862	698
4865	1982
4868	11251
4870	4721
4871	9114
4873	4835
4881	7929
4882	3950
4883	5739
4888	896
4893	12085
4894	7616
4897	6085
4899	9877
4900	11170
4902	3840
4906	4170
4907	11684
4909	6850
4910	6647
4912	11373
4913	2474
4914	4700
4915	2540
4918	1280
4919	3415
4920	11365
4921	255
4929	10445
4932	10259
4933	4039
4934	5945
4938	4854
4941	9986
4942	4802
4943	9159
4946	10962
4949	10757
4952	5206
4953	6549
4954	8766
4957	10397
4958	1280
4959	1861
4960	6260
4962	11020
4963	10031
4964	9480
4971	10600
4974	10448
4975	10544
4977	1720
4981	7606
4985	561
4987	4034
4989	10600
4990	1711
4994	6786
4995	171
4996	4074
4997	6418
4998	7376
5006	11636
5007	2974
5008	2611
5009	2401
5011	7464
5013	9480
5014	10021
5017	6921
5018	3128
5020	3762
5023	4943
5025	2848
5026	922
5027	6085
5029	1102
5034	12075
5039	7606
5043	10600
5046	11598
5047	9708
5051	7404
5052	8873
5053	5669
5055	7479
5056	10259
5057	7164
5058	5047
5062	7229
5065	4526
5066	4938
5073	6311
5085	11315
5086	579
5087	5754
5088	8302
5090	11813
5092	9530
5094	5052
5095	2799
5096	11212
5104	8645
5107	5373
5109	1752
5110	10825
5116	10198
5119	3996
5122	11979
5123	6844
5124	7810
5125	2540
5126	8441
5127	11071
5128	665
5134	1703
5136	8229
5138	1884
5141	5026
5142	11723
5143	3115
5145	3485
5147	8592
5148	10279
5150	2229
5152	3279
5155	11906
5162	1729
5163	7120
5165	4853
5168	443
5170	2071
5178	11541
5180	5026
5181	3202
5184	5026
5185	3604
5187	3592
5188	9612
5198	1280
5201	1466
5202	2475
5203	373
5206	917
5210	3279
5218	6942
5220	5057
5224	7220
5233	10792
5237	2063
5238	1197
5240	8406
5241	8388
5242	11684
5244	1814
5247	8752
5248	652
5249	8901
5250	484
5254	7506
5255	12066
5256	484
5257	6103
5266	11829
5272	2158
5281	8397
5282	9829
5283	7807
5284	5048
5288	9480
5292	2324
5297	5249
5299	693
5301	8043
5303	10600
5306	5410
5308	9339
5309	3276
5316	3762
5323	6505
5327	6397
5328	3825
5329	9593
5331	3202
5332	7164
5333	9878
5337	11598
5341	10273
5342	10145
5343	12102
5344	353
5353	7970
5354	1739
5355	8756
5357	7758
5360	4013
5368	242
5369	9855
5370	269
5371	3762
5373	6297
5379	1403
5381	4657
5382	9151
5383	12011
5384	11333
5386	3090
5391	665
5393	3026
5397	11796
5398	3074
5403	5052
5408	10018
5409	5178
5410	1298
5412	9773
5413	2954
5416	10908
5418	8918
5420	2158
5421	9546
5429	599
5430	8766
5433	6051
5434	8658
5436	3400
5437	843
5438	7558
5440	1162
5443	5643
5445	7268
5448	1102
5450	4764
5452	11598
5454	2964
5457	6739
5458	1288
5462	5586
5463	6772
5465	4526
5468	10792
5470	4865
5472	4955
5474	1298
5475	7229
5476	9932
5480	9669
5485	10757
5486	12076
5492	4034
5493	3083
5497	8918
5498	3110
5499	911
5509	9027
5510	11665
5511	11823
5512	5247
5513	11692
5514	9451
5517	3293
5525	2876
5526	11665
5533	10021
5536	6730
5539	6326
5540	6037
5541	3179
5545	2540
5546	9408
5547	5373
5548	11267
5549	11913
5551	7968
5561	643
5565	165
5569	1285
5570	4153
5571	5710
5574	8406
5575	10449
5576	3403
5580	446
5581	11172
5583	10515
5584	7037
5587	12085
5591	746
5592	8247
5595	330
5596	6913
5600	8523
5601	6446
5604	1258
5605	6260
5606	7656
5609	9216
5611	12068
5614	5856
5619	7164
5621	4222
5624	10511
5628	6438
5630	5926
5631	1953
5632	1164
5640	4186
5641	6438
5643	5264
5646	180
5648	7631
5653	269
5655	6236
5656	10131
5657	7665
5659	171
5660	8633
5661	11595
5662	10596
5666	5739
5667	4601
5669	7520
5672	1729
5674	11665
5675	4503
5679	10038
5681	9582
5682	6772
5684	11444
5685	3097
5686	11665
5687	4764
5691	8262
5692	6236
5693	4835
5694	2319
5696	1078
5701	2214
5702	303
5704	1595
5706	7944
5707	7665
5708	10397
5709	9965
5712	530
5713	5736
5715	11595
5716	2974
5718	5712
5719	11158
5724	9341
5727	7229
5728	4431
5729	5571
5733	6026
5734	8378
5739	12007
5743	947
5744	979
5746	6810
5747	8595
5751	10963
5758	10515
5760	9623
5766	952
5769	1493
5776	11051
5777	3244
5781	6222
5782	5712
5785	10580
5791	8823
5792	3825
5796	9133
5797	8225
5802	3276
5806	8229
5811	3644
5812	8326
5816	4065
5817	8494
5819	8766
5821	5571
5822	7414
5824	8310
5827	4390
5830	5570
5834	7970
5837	5018
5840	11673
5842	2983
5847	4264
5848	2109
5849	6687
5852	2977
5853	6326
5862	11570
5863	5018
5864	8816
5874	3277
5875	1205
5877	10962
5878	6326
5879	2964
5880	4832
5889	5173
5895	11908
5902	970
5907	1103
5908	3644
5914	8256
5924	1710
5926	7847
5927	5110
5929	1403
5931	4974
5932	11676
5935	11979
5937	4279
5939	598
5940	3244
5942	952
5943	5584
5945	7811
5949	171
5952	8378
5954	11041
5957	3107
5958	9810
5961	7164
5963	7464
5964	9780
5965	268
5968	8345
5969	6054
5973	6955
5978	4602
5980	3026
5982	11945
5989	2404
5993	12064
5995	8557
5998	2937
6002	1413
6004	7479
6005	10378
6006	2474
6010	3244
6012	2420
6014	911
6015	3131
6016	4661
6020	10145
6021	8557
6023	8192
6024	10815
6026	4602
6027	6835
6028	4183
6029	11071
6030	9420
6033	2630
6034	2474
6037	5218
6038	1288
6039	2630
6040	1511
6044	7607
6046	1797
6047	2022
6048	4730
6049	1187
6050	11388
6051	3233
6056	8522
6057	5926
6059	11158
6061	1493
6062	5052
6064	6834
6066	3612
6075	4039
6078	5608
6080	10673
6081	4186
6085	6138
6086	11997
6087	3276
6088	7064
6092	2522
6095	587
6098	2845
6100	2073
6103	797
6109	4891
6110	4548
6112	7874
6113	12068
6115	269
6116	5760
6118	3604
6119	10515
6121	6850
6122	5544
6124	10959
6127	8446
6128	6678
6130	6064
6137	4770
6138	3304
6140	9231
6141	11519
6142	10599
6151	8276
6153	11595
6154	10098
6155	5314
6156	11071
6160	7558
6164	10374
6165	11071
6166	10145
6178	11198
6179	2022
6180	8613
6182	3604
6184	6502
6185	8755
6186	4910
6187	11906
6194	5669
6196	5544
6200	11796
6202	1285
6206	6304
6211	4064
6213	11979
6215	8446
6216	5218
6219	4661
6220	10500
6221	3279
6222	3159
6223	8231
6224	11636
6225	7784
6228	5643
6231	171
6232	9878
6233	484
6236	5139
6238	9524
6239	1918
6240	6311
6245	11999
6246	11513
6247	3808
6250	6236
6254	9509
6258	11796
6260	9740
6261	6311
6262	11606
6263	1325
6264	4938
6266	1884
6268	3627
6279	1108
6284	1807
6286	2798
6287	8156
6296	10815
6307	9919
6310	3598
6312	4431
6313	8567
6315	7760
6319	6236
6321	1953
6322	7422
6323	9341
6326	4478
6330	4087
6331	8410
6332	9431
6335	3930
6338	11972
6339	8821
6344	12102
6348	8047
6349	4216
6354	10942
6355	10866
6358	11212
6360	8957
6361	10227
6362	3650
6363	9986
6367	10942
6368	5576
6371	7768
6373	8756
6376	3093
6378	11426
6379	11945
6380	4216
6381	7768
6383	1572
6384	6752
6385	10330
6388	9041
6389	9638
6393	10701
6396	2404
6397	3704
6398	4341
6399	9269
6403	244
6413	9120
6414	9559
6418	6538
6422	8110
6423	5736
6425	1321
6426	11606
6429	11823
6431	3
6434	7404
6435	1786
6437	8432
6440	10163
6442	10550
6446	8658
6447	1739
6448	6730
6452	2284
6453	11598
6455	4244
6459	992
6460	3598
6461	7699
6462	1334
6463	8006
6469	5140
6470	11025
6472	11020
6479	621
6480	10589
6485	12093
6486	2022
6487	8293
6492	7129
6494	6659
6495	4943
6496	1019
6497	2766
6499	2271
6504	11918
6505	3709
6506	6225
6508	3339
6511	9279
6520	4601
6521	4161
6523	11426
6524	9673
6525	11570
6529	6479
6534	9940
6535	5057
6536	3410
6541	6973
6542	4048
6544	2876
6548	10923
6549	2999
6554	7325
6556	11446
6557	11796
6560	1293
6561	2185
6563	3762
6565	8024
6572	10807
6574	10223
6578	10198
6579	2974
6580	6140
6581	10953
6582	4818
6584	10720
6588	4825
6589	6857
6591	5576
6594	2109
6595	11864
6597	3582
6599	10227
6603	4431
6604	8098
6611	3
6612	10145
6613	11150
6615	5725
6618	8395
6622	1955
6623	10580
6625	3910
6626	10503
6629	11025
6630	6752
6631	8302
6632	4352
6633	1208
6634	10100
6636	11862
6637	9674
6639	5430
6640	10131
6642	2420
6643	9373
6645	4644
6648	10477
6656	12093
6657	6140
6658	10417
6659	10381
6661	698
6667	3840
6669	9262
6670	9055
6671	3411
6676	6921
6680	5026
6686	3026
6687	5926
6688	4825
6689	9264
6690	656
6692	2727
6694	6913
6696	10728
6697	4279
6700	7154
6701	836
6710	8635
6711	8408
6712	7356
6713	11692
6715	2983
6717	4225
6719	4835
6721	4074
6727	10100
6730	9650
6731	7663
6733	6687
6734	7721
6735	5018
6739	3735
6740	5194
6744	11906
6748	5902
6751	242
6752	178
6758	6232
6759	8302
6761	11232
6763	1689
6765	6051
6767	2552
6769	6397
6770	9151
6771	11212
6772	6959
6773	3799
6774	12048
6775	12103
6778	5544
6779	2397
6783	10160
6786	7059
6787	2541
6789	2779
6790	1334
6795	4764
6799	661
6802	9877
6803	8592
6806	6571
6809	69
6810	10131
6815	8432
6821	656
6822	6479
6823	9120
6830	4509
6835	6412
6838	11299
6840	5715
6841	11801
6842	4601
6844	1879
6845	69
6847	9877
6849	6524
6850	9005
6852	9492
6855	1103
6856	4049
6859	992
6861	6970
6862	3139
6865	2960
6866	4034
6871	2284
6873	69
6877	4849
6879	11801
6884	10378
6885	5576
6892	1537
6893	5052
6894	4442
6895	10757
6900	11138
6904	2711
6905	8975
6908	10449
6910	256
6913	8249
6914	11071
6915	11290
6916	4802
6917	11608
6920	6362
6921	2367
6926	10580
6928	8229
6930	4894
6934	4929
6936	8494
6937	3411
6938	2180
6941	5576
6943	5926
6947	4894
6951	7992
6952	1285
6955	3241
6960	2334
6960	1783
6962	69
6966	2071
6967	5352
6972	4546
6973	11041
6974	3300
6976	1752
6978	11513
6981	5770
6982	7427
6985	2379
6987	7817
6990	3090
6995	2540
6996	10145
6998	2205
6999	1202
7001	7064
7002	6694
7007	3584
7015	8589
7019	8053
7022	8971
7024	3350
7028	2214
7029	7620
7030	1187
7033	12068
7034	6222
7035	209
7037	68
7038	5445
7039	12068
7040	2589
7042	1044
7043	6767
7045	6810
7046	11126
7048	5669
7050	6850
7051	293
7052	6176
7055	8378
7057	1836
7058	7047
7060	3596
7061	5423
7062	2265
7064	11484
7070	10018
7071	209
7072	10966
7076	2271
7077	1699
7084	9582
7085	3202
7086	9624
7092	9657
7093	6362
7094	11119
7097	6730
7098	11464
7099	9986
7102	5766
7104	11232
7108	10403
7120	7806
7122	4868
7123	992
7124	4764
7127	8909
7129	9701
7132	11172
7133	8053
7134	12066
7135	4943
7137	4764
7142	3370
7143	6225
7144	6051
7148	11979
7152	5662
7154	7394
7155	4854
7156	8043
7159	4183
7160	1734
7161	10815
7163	10224
7164	1005
7170	10866
7172	7064
7175	6773
7177	2271
7179	171
7180	4423
7184	6438
7192	6752
7193	8966
7194	10959
7195	8302
7210	10713
7211	11598
7212	10947
7218	8053
7222	5891
7223	3848
7229	11365
7230	9779
7232	6447
7235	10227
7237	4993
7243	11563
7245	11170
7247	237
7249	6198
7253	11212
7254	11723
7255	11138
7257	6445
7259	2847
7260	10038
7261	12034
7262	2552
7264	6155
7267	11972
7270	9530
7271	11974
7272	1288
7274	2384
7275	269
7278	7700
7282	6140
7283	3928
7284	3848
7286	406
7288	5960
7291	10834
7292	2540
7295	1466
7301	11913
7304	3724
7305	11913
7307	6835
7308	4825
7316	10962
7317	478
7321	1019
7322	1739
7323	3515
7325	5099
7329	4929
7331	3145
7335	244
7336	5045
7337	9810
7340	9431
7342	11676
7343	3762
7348	11618
7350	6524
7352	3604
7353	8244
7356	1073
7360	11864
7361	1807
7363	6140
7364	1710
7365	6534
7367	10403
7369	8616
7371	587
7372	10195
7373	10185
7374	443
7376	699
7377	5598
7378	9877
7382	454
7385	3179
7386	7621
7388	11665
7389	11060
7392	8293
7398	6094
7399	11172
7403	6990
7404	1047
7409	9773
7410	7211
7413	8457
7414	10288
7415	496
7416	2954
7419	1293
7420	2897
7421	7414
7422	10895
7423	8567
7425	5052
7426	260
7427	4618
7428	8361
7430	10464
7432	9233
7435	7286
7436	1413
7438	1570
7439	9669
7441	6222
7444	1861
7448	952
7449	3621
7455	1153
7456	9226
7457	3360
7462	7249
7463	7106
7464	2150
7471	6054
7472	10550
7475	3364
7476	1915
7477	11052
7479	5115
7480	6549
7481	10326
7485	2019
7488	6003
7489	7154
7490	5117
7493	3026
7494	11187
7495	2874
7496	6844
7498	4764
7503	6051
7506	852
7508	5047
7513	4526
7514	5736
7516	4059
7517	11137
7519	2401
7521	7663
7522	4549
7527	3
7529	11062
7530	6664
7532	7409
7533	3179
7535	3293
7538	7395
7539	484
7540	8457
7541	8245
7542	2397
7543	11801
7545	11379
7548	8983
7549	10123
7551	6064
7554	11608
7556	8718
7557	11591
7558	3881
7560	1943
7562	5591
7566	8957
7567	7114
7574	3224
7575	11365
7585	8823
7587	6383
7588	1347
7589	3
7591	191
7594	293
7605	8231
7606	8207
7610	420
7611	1754
7612	12029
7613	9373
7618	5902
7624	4776
7625	10239
7631	10951
7633	4959
7636	7463
7637	9262
7638	1490
7645	244
7646	10908
7650	2540
7651	6326
7652	242
7653	5178
7654	8730
7660	10544
7661	6001
7663	11662
7667	1729
7669	3523
7670	10876
7671	10187
7671	3610
7672	6844
7673	2799
7674	7217
7675	306
7676	5194
7679	454
7684	826
7687	9877
7688	10138
7691	10605
7693	11365
7694	7699
7695	720
7696	3
7697	2397
7705	4456
7710	12102
7712	7288
7713	4730
7715	8410
7716	11365
7718	8053
7724	8557
7727	2260
7729	10403
7734	11221
7735	4039
7737	4401
7741	5410
7742	12048
7743	11459
7745	8766
7753	2293
7755	9456
7756	1102
7758	9409
7761	6138
7763	11777
7768	9380
7770	10994
7771	5571
7774	2983
7776	813
7778	11568
7779	10266
7781	7047
7782	10100
7784	555
7791	8432
7793	4612
7795	9655
7800	5476
7803	3279
7804	3322
7807	10264
7808	8755
7812	10580
7814	10198
7815	303
7818	10981
7820	11796
7822	10187
7822	3610
7823	4700
7824	5445
7825	953
7826	8815
7828	11673
7830	11373
7832	8633
7838	2592
7839	6211
7842	4081
7845	8345
7846	4183
7849	1321
7854	9435
7856	11762
7857	5662
7858	7129
7859	11673
7861	9339
7862	875
7866	4802
7869	4087
7872	236
7873	11665
7874	1027
7875	4431
7876	8
7880	5101
7883	10259
7884	4108
7887	8001
7890	665
7892	12064
7894	2334
7894	1783
7895	7376
7898	7835
7899	2086
7900	7550
7903	7064
7904	4849
7907	720
7910	6424
7911	3806
7912	8298
7916	496
7922	4065
7927	4039
7928	3135
7930	11906
7932	11996
7946	4401
7947	5945
7950	4087
7951	10575
7955	6345
7956	1884
7961	2790
7963	1334
7970	10214
7971	496
7973	11972
7978	1861
7979	2964
7981	2798
7982	953
7984	7758
7986	10175
7988	7874
7990	2589
7991	836
7994	2766
7995	7929
7999	2063
8006	4257
8007	1929
8010	1511
8011	6560
8013	3074
8020	6951
8028	3972
8029	10100
8038	10457
8039	8756
8042	8900
8043	4011
8045	6534
8049	10160
8050	7356
8051	420
8052	1570
8053	1929
8054	11025
8057	110
8061	11903
8062	8498
8068	7752
8070	2954
8071	11064
8073	9829
8080	8658
8084	11570
8085	1049
8086	2109
8087	4517
8088	379
8089	2937
8095	3930
8096	2874
8098	9949
8099	4240
8100	8053
8101	10185
8103	8928
8109	4970
8110	979
8115	6659
8116	1196
8117	2964
8119	1713
8119	9091
8120	1280
8122	9339
8125	5299
8126	11829
8127	7944
8128	446
8135	2758
8138	8345
8139	8247
8142	3090
8148	9279
8149	6140
8150	363
8152	9914
8154	11945
8156	10408
8158	8245
8163	752
8169	10589
8170	10098
8172	4835
8173	6004
8179	8432
8182	7840
8183	7663
8185	10018
8186	11665
8189	8232
8190	11581
8191	7137
8192	8589
8195	9810
8196	3322
8197	641
8198	8841
8202	4216
8204	8957
8206	129
8209	1362
8212	5914
8213	129
8215	8633
8216	8110
8220	2522
8225	2271
8227	209
8229	9809
8230	165
8231	5453
8232	4401
8235	6951
8243	8190
8246	3561
8247	6114
8248	7404
8252	3485
8256	3323
8257	9593
8258	7445
8259	6742
8261	12034
8262	2676
8263	69
8264	11446
8267	8406
8268	7784
8270	10223
8275	9855
8276	2716
8278	1511
8281	5721
8282	1256
8284	7163
8285	3799
8286	1224
8289	8962
8290	4034
8293	8664
8294	8298
8297	5022
8299	2711
8300	9773
8301	4049
8302	2579
8303	7784
8308	4802
8309	3244
8311	2966
8312	10515
8314	9120
8317	3556
8320	214
8324	260
8326	11241
8329	7404
8330	1645
8340	8302
8344	6697
8345	7547
8346	11480
8352	1325
8353	8494
8356	12079
8358	3071
8359	7164
8365	4161
8366	4264
8369	8918
8371	10600
8373	69
8374	9339
8375	213
8376	10278
8378	11679
8380	10791
8381	11684
8382	8038
8383	6272
8385	3071
8393	4172
8395	8197
8396	12076
8398	4108
8399	4654
8402	3666
8406	2589
8410	9920
8412	2063
8414	10145
8417	268
8418	3508
8419	7404
8423	9582
8425	578
8426	3
8427	6955
8432	5069
8434	7479
8437	11823
8439	1164
8454	4034
8457	5571
8459	734
8460	8962
8464	7840
8466	2983
8467	11945
8468	7928
8469	6182
8471	7137
8473	2474
8476	1288
8479	8494
8481	1729
8484	6447
8488	5591
8489	7606
8494	10613
8495	8098
8496	11591
8497	4170
8498	7280
8499	596
8500	1280
8501	3910
8507	5571
8508	2379
8510	11801
8511	1288
8513	11299
8516	2026
8519	2071
8521	2351
8522	1170
8523	5554
8525	2454
8526	3074
8529	5026
8536	9986
8538	6850
8542	4661
8543	269
8545	2474
8547	875
8548	11450
8551	979
8552	9704
8554	4654
8556	561
8567	4567
8568	7420
8569	7427
8571	6835
8575	6739
8582	6857
8586	2766
8587	5575
8589	2995
8590	8245
8591	1027
8592	7665
8593	4279
8594	8574
8595	5739
8596	9120
8599	6418
8600	2384
8603	11172
8604	8156
8605	9373
8606	11071
8607	9341
8610	4943
8616	567
8618	4818
8621	6810
8622	8395
8626	7479
8628	8821
8629	6955
8633	292
8637	11133
8638	8918
8639	3145
8640	3540
8641	3816
8642	9669
8644	2552
8649	10947
8650	6951
8652	3071
8653	12076
8655	9546
8656	12102
8658	10019
8659	10227
8661	11126
8663	5476
8667	4431
8669	1202
8670	11025
8673	2351
8675	7496
8678	2630
8679	3116
8681	5576
8683	9624
8685	8900
8686	4186
8687	2322
8691	11799
8695	9776
8696	5299
8697	4854
8708	10815
8710	7154
8713	3244
8714	11041
8715	242
8727	7970
8729	2281
8735	4943
8737	7463
8738	3202
8739	6967
8744	3840
8745	2983
8747	10378
8748	11673
8750	10178
8751	9760
8756	2384
8758	5922
8760	7154
8761	874
8762	6030
8763	1943
8766	12061
8768	10550
8770	5715
8772	1752
8773	7586
8776	5760
8784	1273
8786	1054
8787	5675
8789	353
8791	6752
8797	4894
8799	673
8803	3097
8805	11064
8806	579
8812	4065
8813	8053
8815	2225
8819	10754
8821	6108
8823	1403
8825	1734
8827	4390
8831	8815
8835	4908
8850	2271
8851	5436
8853	1206
8854	2765
8859	9773
8860	9492
8861	5194
8864	10187
8864	3610
8868	8457
8869	9829
8871	7496
8872	10522
8874	10500
8876	7042
8881	293
8886	293
8889	7288
8892	9546
8896	3364
8900	2451
8904	7064
8906	8043
8909	2404
8912	2146
8915	2379
8916	446
8918	11842
8919	7968
8924	171
8925	4802
8927	7970
8928	2630
8929	4410
8930	1321
8934	10273
8935	2847
8939	9264
8942	6103
8943	2007
8946	10522
8953	46
8957	1178
8959	3322
8960	11232
8962	4717
8968	8658
8970	10278
8971	1236
8973	8592
8976	10199
8977	6694
8980	6236
8982	10175
8983	4506
8984	10378
8985	1403
8986	2351
8987	9546
8988	3621
8989	1907
8991	7908
8995	8326
8999	2964
9003	1689
9008	7325
9009	6211
9013	4208
9014	6414
9015	9132
9020	2214
9021	11829
9024	5591
9026	7114
9028	11608
9030	8070
9031	9810
9032	8098
9035	269
9036	5945
9039	3571
9041	2098
9042	4048
9043	6527
9045	531
9050	484
9052	10187
9052	3610
9053	1027
9055	6596
9057	4216
9058	12079
9066	484
9070	7395
9071	7163
9076	8498
9077	2974
9079	3816
9084	6739
9085	8823
9086	11401
9087	3840
9088	5437
9089	3621
9091	3116
9094	5712
9097	11591
9100	643
9101	11823
9102	10550
9103	10187
9103	3610
9105	7427
9107	8523
9108	9521
9109	735
9111	8006
9112	11692
9114	8533
9115	165
9117	6987
9119	10500
9120	6533
9122	11327
9124	3804
9128	8446
9130	8432
9131	496
9134	6921
9137	11155
9138	3415
9139	7164
9147	4034
9148	10792
9153	8024
9154	8410
9156	5026
9157	10273
9162	6505
9164	6576
9166	209
9167	10160
9168	11373
9171	12106
9174	4929
9175	11598
9176	10981
9179	373
9181	2847
9183	5522
9185	2676
9186	10522
9192	8156
9193	11444
9194	10575
9195	4868
9200	9120
9201	5369
9204	1103
9207	953
9208	11333
9212	10833
9216	1262
9217	665
9218	4943
9221	610
9224	11999
9225	6030
9228	1298
9236	9480
9238	4087
9239	11064
9240	2158
9241	6951
9243	4279
9248	7286
9251	446
9252	3762
9253	8523
9255	6835
9256	2063
9258	5052
9263	4013
9264	1217
9269	9022
9275	6549
9276	1148
9279	5035
9283	3415
9285	8498
9286	6058
9288	9014
9289	10018
9290	826
9291	11268
9298	7606
9299	8523
9302	698
9307	11373
9310	3943
9312	11296
9313	8266
9315	5120
9321	6432
9324	1258
9327	5926
9330	7154
9333	9619
9337	7939
9339	8392
9341	11711
9342	281
9350	324
9352	8630
9355	7422
9357	6514
9360	10500
9362	8795
9363	10093
9365	191
9369	4764
9373	6696
9374	9014
9375	6786
9377	8190
9379	5373
9381	6666
9386	3397
9388	473
9389	1027
9390	3411
9394	10021
9397	9264
9399	3928
9405	11025
9407	11025
9408	7072
9410	2214
9414	11513
9418	3322
9422	4750
9424	7688
9427	2566
9428	4431
9430	8928
9431	2109
9434	2523
9435	3073
9436	4034
9438	1929
9440	3514
9442	10098
9443	11133
9444	7376
9445	9843
9446	11133
9447	1752
9449	11232
9451	3158
9455	8245
9456	10061
9458	2964
9460	2014
9467	10908
9469	2937
9470	2214
9474	9530
9475	10264
9477	11636
9478	4943
9481	10908
9485	8410
9486	11903
9489	6270
9490	4170
9492	417
9494	11908
9495	11813
9501	9842
9502	3279
9503	1207
9511	9341
9520	9842
9524	239
9527	5586
9529	8914
9530	665
9532	4416
9535	6865
9536	446
9540	7758
9545	4894
9546	3611
9548	7606
9549	6260
9552	4974
9554	7784
9560	7286
9561	10145
9564	7663
9565	6844
9566	953
9568	2630
9571	8589
9573	5180
9575	2152
9582	1179
9584	467
9585	12076
9586	7720
9594	3928
9596	11513
9597	10223
9600	5902
9601	656
9604	3621
9607	12076
9609	4087
9610	8446
9614	5339
9615	10125
9618	12068
9619	10550
9620	6697
9621	4588
9624	3255
9627	1767
9628	1968
9632	4009
9646	4244
9649	9451
9653	8406
9654	2589
9655	6222
9656	9546
9657	10269
9659	5180
9660	992
9661	2071
9664	12068
9667	6773
9668	4527
9669	3283
9670	3561
9671	494
9672	579
9678	8070
9679	3074
9680	9681
9681	3053
9682	1711
9683	4509
9687	6787
9689	8378
9694	8823
9695	9422
9696	2379
9700	59
9703	5914
9709	8798
9710	9456
9711	3848
9717	6987
9720	8595
9724	836
9725	4894
9727	10104
9731	9810
9735	7915
9736	7705
9738	9669
9739	7325
9742	2281
9744	2086
9745	2474
9746	7288
9747	8821
9753	7253
9754	4835
9756	2281
9758	3116
9759	2676
9763	2736
9764	11591
9767	8293
9770	8247
9771	12034
9773	1363
9775	5369
9780	6534
9781	10589
9782	1285
9784	2589
9793	1258
9798	8374
9800	1487
9801	7364
9803	8197
9810	11276
9811	10959
9813	171
9818	4203
9820	6225
9822	10994
9824	8523
9826	2630
9828	3354
9830	5218
9831	911
9833	9810
9834	8098
9836	5980
9837	875
9839	6694
9840	2589
9841	8567
9843	4507
9844	6622
9845	11090
9852	10449
9854	1027
9855	7197
9860	698
9865	357
9867	7129
9868	11606
9869	7129
9873	10378
9877	253
9884	8523
9886	10994
9887	7663
9888	9110
9889	610
9890	11269
9894	6334
9897	10198
9898	11692
9899	9953
9900	10175
9901	9116
9903	8245
9905	8498
9911	7807
9916	242
9923	5945
9930	7211
9932	2989
9935	1487
9936	5249
9937	1298
9938	4970
9939	6414
9941	12011
9942	11373
9944	3604
9945	6717
9947	8302
9951	7422
9957	5339
9961	10123
9964	5206
9966	2152
9971	3276
9972	3202
9974	10277
9975	425
9978	6058
9982	6970
9986	6267
9987	12072
9988	6446
9990	7325
9992	4424
9994	4803
9995	2974
9998	4442
10000	6773
10004	7479
10005	2766
10006	3244
10013	4601
10017	11903
10018	11323
10020	5902
10021	4620
10023	10374
10030	2439
10032	8658
10038	6105
10039	9546
10042	11972
10048	1077
10049	6479
10051	6225
10055	10100
10057	3870
10058	2421
10061	11316
10062	1318
10063	6524
10066	7249
10067	8190
10069	6140
10072	11568
10088	3411
10090	6003
10091	6752
10100	2610
10102	6484
10103	6326
10106	11388
10108	5544
10111	6697
10112	3508
10113	6326
10115	7374
10116	10067
10117	6678
10119	3644
10120	2384
10123	10419
10124	5911
10130	7154
10131	4759
10134	3116
10139	4186
10142	1487
10144	303
10145	11179
10146	10378
10147	8914
10149	10512
10159	10287
10161	5328
10171	7665
10172	6697
10174	3071
10177	4126
10181	2425
10182	9878
10183	6951
10188	7374
10192	6537
10193	6054
10197	9269
10198	11218
10199	11999
10200	10397
10202	4596
10204	9728
10206	1710
10207	11801
10213	1720
10215	8992
10219	9986
10220	11961
10221	4677
10222	9986
10223	11824
10226	9773
10227	5405
10228	4509
10230	7064
10237	9350
10238	2271
10240	11591
10241	1800
10243	6955
10245	7463
10246	7120
10248	10329
10249	5369
10250	11618
10251	10713
10252	5178
10254	12072
10257	2250
10259	2401
10261	6450
10264	9707
10266	2285
10267	1799
10268	2589
10272	6739
10273	9120
10276	7827
10278	3975
10279	11862
10280	3972
10281	11296
10284	269
10287	6260
10290	6502
10294	8337
10296	7758
10301	5369
10302	9855
10308	3508
10309	1077
10310	4910
10312	2109
10320	3816
10321	9829
10324	11187
10325	9435
10330	8177
10333	1288
10334	911
10335	6383
10338	1710
10341	9463
10350	8595
10351	8567
10356	8190
10359	6850
10360	8406
10361	7414
10362	3202
10365	7114
10366	7807
10367	9045
10368	4655
10369	6549
10370	5299
10371	1476
10374	895
10377	10697
10378	8428
10379	6326
10380	2474
10383	9617
10384	5591
10385	3561
10387	9395
10389	8685
10390	7427
10392	3493
10393	11829
10396	7758
10397	6468
10400	11762
10402	6260
10404	5926
10410	8156
10411	10330
10418	12012
10421	10791
10422	9451
10428	5643
10430	11979
10437	11187
10443	10021
10447	9339
10449	10304
10450	11513
10453	3279
10455	2319
10459	5369
10460	2609
10461	10575
10462	2413
10464	11205
10467	11568
10470	3571
10473	7427
10479	10522
10486	2766
10488	6773
10491	11513
10496	9049
10498	2123
10500	11054
10501	656
10505	7661
10508	8498
10509	3090
10515	1719
10516	9269
10517	8291
10519	10632
10520	10757
10521	11138
10522	9060
10524	7139
10526	11723
10528	11723
10530	7768
10531	11450
10532	10908
10537	10279
10538	4835
10540	10791
10541	8378
10542	6037
10543	6787
10544	11269
10547	484
10548	1897
10549	5026
10550	522
10551	10180
10552	10021
10555	5675
10561	2766
10564	4944
10565	4943
10566	1861
10570	10273
10572	9546
10573	10215
10575	6123
10576	2589
10577	10791
10578	8043
10580	7881
10581	4183
10586	4186
10591	9845
10596	1422
10597	8432
10600	7848
10602	3293
10605	4264
10607	11212
10611	1669
10612	6225
10616	7968
10618	2071
10619	8794
10622	8523
10623	4886
10624	6865
10629	269
10630	7164
10631	6752
10633	8684
10636	6752
10644	7042
10645	10125
10648	171
10650	6810
10654	11327
10655	5247
10657	4431
10665	4512
10667	6739
10669	3276
10673	7297
10677	8231
10681	758
10683	1487
10685	2460
10687	6648
10689	5026
10691	1027
10695	2553
10697	6395
10699	191
10700	293
10703	4943
10706	7376
10708	10131
10710	9339
10711	7286
10713	3643
10714	1968
10717	12029
10723	7944
10724	11027
10727	2693
10729	979
10732	12068
10734	1710
10735	1739
10740	209
10742	11170
10743	9546
10748	10600
10750	7663
10751	2019
10753	11150
10755	3825
10756	3110
10757	11356
10758	6452
10759	3411
10760	4108
10761	209
10762	11669
10766	5047
10767	293
10768	4837
10777	2265
10778	260
10781	1984
10782	9452
10784	5591
10787	10198
10789	1403
10791	308
10792	11091
10797	7631
10801	2071
10802	2401
10808	8457
10810	330
10815	9729
10816	3026
10817	4401
10818	3
10819	5367
10821	12093
10824	11939
10827	11608
10828	11665
10831	10575
10835	3825
10838	420
10842	7414
10846	7374
10850	7212
10853	7325
10858	10021
10859	8567
10860	2522
10863	4223
10864	11801
10865	5991
10866	1457
10872	2847
10873	10515
10874	10392
10875	2874
10877	665
10879	6787
10881	1772
10882	551
10883	6730
10884	10281
10888	11025
10890	1476
10896	5307
10897	8001
10898	8231
10899	10287
10901	3644
10905	9986
10908	829
10909	4186
10911	605
10914	10464
10917	38
10923	8918
10930	4161
10933	6502
10935	9216
10936	1465
10937	6505
10939	3644
10940	5218
10941	2954
10942	8217
10943	10198
10944	2063
10945	1256
10946	8226
10947	7985
10948	3131
10950	1729
10951	7657
10955	738
10958	7715
10959	9861
10962	4808
10964	4240
10968	10575
10972	7052
10977	300
10979	1929
10981	4142
10983	4872
10985	7395
10986	10198
10988	269
10989	3808
10990	4039
10992	1466
10994	9666
10995	6334
10999	2109
11002	9435
11003	7506
11004	698
11005	1841
11006	5034
11008	11333
11011	9842
11012	10881
11014	8766
11017	6921
11022	110
11025	3461
11027	11607
11030	2782
11031	4135
11033	5586
11037	2177
11038	1718
11041	9677
11043	11762
11047	11611
11054	6953
11055	7404
11057	10791
11060	5373
11064	2974
11068	10953
11070	11606
11071	2121
11073	6648
11074	4865
11075	10791
11076	5445
11077	6326
11082	9435
11086	268
11087	10551
11092	2319
11093	6787
11097	10464
11099	11426
11107	4661
11111	6648
11118	4970
11120	8983
11123	8567
11125	4186
11131	10330
11133	433
11134	6182
11135	8038
11137	4392
11138	7206
11139	9624
11141	10187
11141	3610
11150	5439
11154	7944
11155	5625
11156	7374
11157	1085
11158	46
11162	10266
11165	6906
11166	4161
11170	5764
11171	5110
11172	7674
11173	2397
11176	7404
11182	4865
11183	6534
11184	6447
11185	4938
11187	6458
11189	3322
11190	6334
11191	9203
11192	8918
11197	9264
11199	11150
11200	6407
11201	12064
11203	8900
11206	1752
11207	3350
11208	8879
11210	7052
11211	11290
11212	5804
11213	7970
11217	11568
11219	10697
11220	5259
11222	11041
11223	3644
11224	3180
11228	4868
11231	9986
11232	2661
11238	2271
11239	12068
11240	8828
11243	8
11246	11700
11249	11908
11252	8190
11254	9341
11256	4058
11257	4059
11258	12068
11261	7609
11262	1570
11264	1114
11265	11974
11269	10109
11272	7787
11273	3910
11274	11600
11275	8971
11277	4423
11281	9773
11284	4170
11285	9276
11288	9174
11290	5427
11291	420
11293	979
11294	446
11295	9492
11296	1283
11299	10198
11303	9279
11306	12093
11308	10061
11310	8762
11312	1493
11313	6383
11314	9452
11315	4128
11317	319
11318	1060
11319	4087
11329	1710
11331	11365
11333	10563
11335	8957
11336	6326
11339	3604
11342	9373
11343	10264
11344	9932
11347	2063
11348	12068
11349	9669
11357	2845
11360	4087
11363	11823
11365	7640
11367	8823
11371	2282
11373	3164
11376	7505
11380	2553
11381	3415
11382	9838
11385	9452
11395	10959
11399	5328
11400	10470
11404	4578
11405	6844
11407	494
11409	1108
11412	7191
11413	2214
11414	6575
11415	6857
11416	9843
11417	7191
11418	9304
11422	6931
11423	4929
11426	69
11427	3734
11429	1711
11431	1164
11433	8494
11435	8743
11437	4808
11438	10461
11443	8262
11446	11692
11452	8997
11459	10047
11460	5302
11461	7784
11464	414
11468	953
11470	6222
11475	10492
11479	7558
11480	6739
11482	579
11483	9480
11485	8374
11487	3594
11488	10908
11491	7404
11493	1720
11501	3062
11502	9984
11506	5047
11508	430
11509	9282
11511	4065
11513	9413
11514	6078
11519	1070
11520	8680
11523	6064
11530	6844
11531	11480
11532	7074
11535	2260
11538	10061
11539	1929
11545	11801
11546	2109
11549	8156
11551	11615
11554	11061
11555	1095
11556	10500
11568	10352
11571	69
11572	8522
11573	2592
11574	3653
11580	2699
11583	11903
11585	6767
11587	9114
11591	2911
11592	7928
11595	5997
11597	4986
11598	2547
11601	1883
11603	3910
11604	743
11606	1755
11608	3916
11610	11126
11611	9546
11617	2766
11618	6787
11619	11796
11622	11676
11626	7325
11627	6479
11628	10038
11629	6739
11630	1861
11631	3604
11635	9596
11636	4633
11640	9264
11644	2954
11646	8633
11648	11935
11649	6030
11652	345
11653	209
11665	3363
11668	4186
11672	9810
11673	2612
11674	11665
11675	8408
11676	4835
11680	4216
11681	7420
11682	2933
11683	4588
11684	11693
11686	8
11689	4894
11692	5225
11694	1729
11698	12011
11703	9216
11708	10792
11709	4264
11710	2475
11715	7428
11716	8302
11718	683
11719	166
11720	1713
11720	9091
11723	3460
11724	12103
11727	6772
11728	8971
11730	1836
11732	7935
11740	3400
11743	3825
11744	734
11747	8522
11748	7786
11750	2552
11755	7699
11758	3293
11759	2630
11760	3666
11762	11338
11763	7505
11764	6232
11765	4970
11769	4216
11772	9524
11775	6140
11776	6857
11778	2977
11779	8123
11780	4974
11782	10018
11783	5339
11785	8245
11788	5209
11789	6865
11791	7164
11793	10279
11794	3279
11795	4899
11796	1086
11797	10546
11798	8523
11800	10962
11801	9856
11803	7464
11807	911
11810	303
11813	8156
11815	6951
11816	12064
11821	9773
11823	7783
11829	2043
11830	2552
11831	6232
11833	11600
11834	4699
11836	1537
11839	9264
11840	1225
11841	10198
11844	10021
11845	4223
11847	8229
11848	7164
11849	6222
11851	8677
11854	9174
11855	9350
11856	665
11857	1293
11859	9810
11861	4868
11862	3855
11863	7325
11864	11608
11867	4087
11869	5194
11871	11676
11872	6003
11873	8302
11875	4548
11876	3972
11878	7463
11879	2794
11881	11692
11883	11067
11890	3409
11895	6524
11896	1861
11897	10951
11898	9431
11901	3950
11903	5923
11906	6756
11907	4959
11908	4644
11909	6697
11913	4974
11914	9422
11915	2799
11917	8406
11921	3145
11923	5178
11924	4808
11925	6085
11928	4225
11929	2589
11932	9456
11933	11862
11936	6810
11938	6921
11941	7288
11942	1432
11943	6835
11945	4646
11946	2334
11946	1783
11951	2109
11956	11290
11957	5194
11958	1720
11959	6633
11962	12067
11963	11665
11965	6973
11966	5926
11967	10064
11968	6155
11971	3343
11972	7069
11973	9339
11974	11976
11977	4492
11979	10211
11982	3131
11983	11426
11984	10652
11985	2540
11987	11518
11988	3950
11989	3985
11993	10791
11995	4632
11997	4661
11999	768
12001	3598
12011	11081
12013	9339
12014	7784
12015	12011
12016	2334
12016	1783
12017	2474
12021	979
12022	4825
12023	1487
12024	10198
12025	1334
12027	3397
12029	5622
12032	7409
12033	5369
12034	7288
12036	373
12037	11862
12039	473
12041	10187
12041	3610
12045	10713
12046	2522
12048	10223
12049	952
12051	10189
12053	11157
12058	9341
12060	10866
12062	10697
12063	3985
12064	82
12065	6282
12066	3399
12068	4344
12070	6236
12072	5888
12074	9842
12076	5129
12077	6990
12078	7325
12079	7796
12082	5922
12083	1293
12084	1192
12085	763
12087	7129
12088	7506
12090	6810
12091	5052
12094	6742
12095	11796
12098	5796
12100	9045
12102	9391
12103	8515
12104	10575
12106	4612
12111	3477
