10	7533
27	10860
27	6092
27	12046
27	3009
35	5684
35	9193
41	7002
41	9839
43	1679
48	11443
50	4293
54	5341
54	8934
61	10309
61	1830
61	2742
61	10048
70	4366
78	3257
78	6059
85	7846
85	7159
85	10581
85	2140
94	10956
95	7673
103	7007
103	3261
103	109
106	7533
112	3984
112	11380
115	6595
115	1149
116	1161
116	1806
116	10531
120	4403
125	2786
137	7660
138	3435
138	8052
138	11262
142	11185
142	5066
142	2047
155	7317
168	5013
168	9236
168	11483
168	445
169	3125
169	3457
187	2395
187	1269
188	2992
201	8621
201	4156
201	12090
218	10537
218	3195
220	5341
220	8934
222	10488
222	7175
223	7301
223	7305
227	1453
227	8301
227	4367
229	1129
229	267
229	7766
229	4973
233	1199
233	8191
234	5306
240	11508
240	2309
246	3795
246	9753
250	3435
250	8052
250	11262
257	11404
262	11686
262	11243
262	7876
264	11185
264	5066
264	2047
272	7028
272	3486
276	6425
290	8127
290	11154
290	10723
299	4037
299	7321
299	6496
321	5493
331	7002
331	9839
332	10846
332	10188
332	10115
334	647
334	9888
334	4263
334	3690
340	2660
340	6972
347	7028
347	3486
351	8871
354	4160
354	7340
361	4897
361	428
366	3428
380	4205
380	2808
380	8639
380	11921
383	9575
383	3927
383	9966
392	5877
393	2634
393	5220
393	6535
405	9455
405	8158
405	9903
405	7541
405	8590
407	10193
408	11438
409	10537
409	3195
415	3899
419	10751
419	2927
419	2274
421	9988
429	11134
429	8469
441	8127
441	11154
441	10723
452	1161
452	1806
452	10531
463	10051
463	9820
463	10612
463	6506
466	3428
468	9447
468	8772
472	3038
472	6095
475	1979
475	1083
475	642
476	8874
476	1976
476	6220
476	9119
476	11556
481	5802
505	4540
535	7610
535	10838
541	11134
541	8469
544	892
544	4772
544	4888
566	7529
573	12100
573	10367
585	8109
601	8789
614	9124
614	4767
616	7610
616	10838
620	2530
626	11185
626	5066
626	2047
631	6582
639	11134
639	8469
644	12033
644	2997
644	4840
645	11438
657	418
669	7795
679	3981
679	315
679	2076
697	11573
697	2277
697	4077
700	143
702	455
704	3386
705	709
726	1840
726	11409
726	6279
726	4307
727	6548
729	71
739	312
739	3941
740	6582
741	3722
741	4640
741	9930
754	10111
754	8344
754	9620
755	7755
756	7261
756	9771
761	3045
779	7800
779	3412
784	11404
788	21
789	11407
789	283
791	5595
807	418
817	8214
817	1774
817	376
819	344
819	1125
819	3719
819	10117
824	8294
824	772
824	3753
828	6097
828	5213
828	7941
831	4403
839	8299
839	1276
844	3924
844	3479
844	6185
848	4823
848	1962
848	3740
855	9575
855	3927
855	9966
856	2809
865	8010
865	6040
878	1979
878	1083
878	642
888	8770
888	2732
897	21
903	9781
903	1555
903	8169
903	6480
909	6049
909	1327
912	71
914	11883
928	5341
928	8934
933	10782
934	8264
934	640
936	10944
936	7999
936	956
936	1875
936	1456
936	9256
936	5237
937	7660
940	1881
940	141
940	181
949	2899
949	10564
951	3899
966	10247
966	11947
969	11686
969	11243
969	7876
981	733
981	9978
981	9286
985	7675
985	1052
985	212
985	3080
995	9957
1014	3981
1014	315
1014	2076
1015	8789
1016	8770
1016	2732
1022	3038
1022	6095
1028	5802
1032	5713
1032	7514
1032	4441
1034	10995
1034	11190
1041	6461
1041	11755
1041	7694
1042	6461
1042	11755
1042	7694
1043	4451
1043	9030
1048	8100
1048	7218
1048	7718
1048	8813
1053	11284
1053	3206
1053	987
1056	709
1059	7426
1059	8324
1061	7301
1061	7305
1066	3981
1066	315
1066	2076
1069	11400
1069	742
1071	9627
1081	8871
1088	5475
1088	1376
1088	3794
1089	5733
1091	11438
1109	709
1116	8587
1120	8346
1131	5283
1131	9911
1131	10366
1131	4406
1160	11185
1160	5066
1160	2047
1193	4932
1193	1940
1209	6023
1215	377
1215	9333
1218	143
1222	9440
1223	4037
1223	7321
1223	6496
1226	2634
1226	5220
1226	6535
1228	482
1232	1560
1232	6393
1245	5150
1245	1576
1245	2746
1248	5475
1248	1376
1248	3794
1250	2786
1254	9088
1254	3591
1257	6023
1275	4403
1278	7533
1282	3899
1286	9935
1287	5827
1287	3471
1292	8127
1292	11154
1292	10723
1295	490
1295	8011
1295	1339
1297	10860
1297	6092
1297	12046
1297	3009
1301	5684
1301	9193
1303	3924
1303	3479
1303	6185
1312	10309
1312	1830
1312	2742
1312	10048
1314	7823
1314	4346
1314	4914
1330	8561
1330	10297
1330	10814
1336	4037
1336	7321
1336	6496
1354	296
1354	6422
1354	8216
1357	1381
1357	2826
1358	6373
1358	5355
1361	8871
1364	6261
1370	11249
1371	6373
1371	5355
1378	8869
1378	5282
1378	1905
1378	10321
1383	7675
1383	1052
1383	212
1383	3080
1388	11399
1397	7028
1397	3486
1399	5540
1412	71
1417	7673
1424	8871
1427	861
1434	2660
1434	6972
1449	3428
1461	455
1484	748
1488	11415
1488	11776
1508	2660
1508	6972
1515	2640
1515	3425
1517	8206
1517	2572
1527	7880
1528	7002
1528	9839
1530	9495
1530	5090
1536	7695
1536	7907
1536	3390
1536	4454
1575	3386
1580	3333
1580	11682
1583	5747
1583	10350
1583	9720
1585	7610
1585	10838
1589	9447
1589	8772
1600	10010
1600	8328
1600	4132
1600	2387
1600	11098
1601	4248
1601	8556
1601	4985
1612	4540
1613	4600
1613	4008
1627	5013
1627	9236
1627	11483
1627	445
1630	1161
1630	1806
1630	10531
1636	1199
1636	8191
1647	10685
1653	9646
1653	6455
1658	10051
1658	9820
1658	10612
1658	6506
1666	4160
1666	7340
1677	7673
1683	8826
1683	6543
1683	8168
1690	4420
1690	11224
1714	7823
1714	4346
1714	4914
1716	3507
1716	8189
1717	2899
1717	10564
1722	7955
1722	4666
1738	1740
1738	10645
1744	7846
1744	7159
1744	10581
1744	2140
1746	2903
1757	8874
1757	1976
1757	6220
1757	9119
1757	11556
1758	7007
1758	3261
1758	109
1759	9103
1759	3152
1759	7822
1759	8864
1759	11141
1759	12041
1759	9052
1765	11833
1766	4635
1766	10884
1781	7270
1781	5092
1781	243
1790	10309
1790	1830
1790	2742
1790	10048
1793	5641
1793	12
1793	7184
1794	4451
1794	9030
1795	10276
1795	2005
1796	1161
1796	1806
1796	10531
1801	3428
1808	7007
1808	3261
1808	109
1809	7002
1809	9839
1813	748
1815	10276
1815	2005
1818	4848
1822	1453
1822	8301
1822	4367
1837	458
1837	6335
1843	3924
1843	3479
1843	6185
1846	3714
1846	8851
1848	748
1852	7755
1860	8206
1860	2572
1867	861
1870	2809
1874	6023
1889	8587
1891	5964
1894	9957
1901	7540
1901	10808
1901	2210
1901	164
1902	733
1902	9978
1902	9286
1912	9495
1912	5090
1916	7540
1916	10808
1916	2210
1916	164
1920	9124
1920	4767
1925	4689
1925	6642
1954	4205
1954	2808
1954	8639
1954	11921
1959	8282
1972	6733
1977	4160
1977	7340
1981	10863
1981	11845
1983	11134
1983	8469
1990	7669
1990	1392
1990	867
1995	5837
1998	9495
1998	5090
2011	5641
2011	12
2011	7184
2025	3257
2025	6059
2029	9781
2029	1555
2029	8169
2029	6480
2034	2608
2039	10944
2039	7999
2039	956
2039	1875
2039	1456
2039	9256
2039	5237
2045	12100
2045	10367
2057	9900
2057	7986
2057	8982
2060	7261
2060	9771
2062	2660
2062	6972
2066	3045
2067	8621
2067	4156
2067	12090
2070	6935
2072	1129
2072	267
2072	7766
2072	4973
2079	296
2079	6422
2079	8216
2082	10116
2082	4639
2084	7232
2084	2641
2084	4627
2084	11184
2095	3298
2095	348
2100	1631
2100	5382
2114	9988
2117	2919
2117	1031
2122	11508
2122	2309
2124	312
2124	3941
2134	1776
2141	1446
2141	11744
2142	482
2147	647
2147	9888
2147	4263
2147	3690
2149	9781
2149	1555
2149	8169
2149	6480
2157	418
2162	2903
2171	10247
2171	11947
2175	900
2184	861
2194	7880
2196	3333
2196	11682
2222	7669
2222	1392
2222	867
2238	9495
2238	5090
2240	10899
2240	628
2244	10309
2244	1830
2244	2742
2244	10048
2248	4823
2248	1962
2248	3740
2249	1199
2249	8191
2253	4848
2257	9447
2257	8772
2268	5581
2268	8603
2268	7399
2268	58
2294	6425
2325	7896
2325	1862
2325	5850
2326	3714
2326	8851
2329	312
2329	3941
2340	312
2340	3941
2349	5540
2350	6733
2354	9103
2354	3152
2354	7822
2354	8864
2354	11141
2354	12041
2354	9052
2357	8871
2358	8605
2358	6643
2358	11342
2363	2219
2364	9781
2364	1555
2364	8169
2364	6480
2365	10897
2365	7887
2376	1740
2376	10645
2394	3395
2409	2492
2409	2023
2417	9124
2417	4767
2432	5493
2433	9495
2433	5090
2435	11508
2435	2309
2443	7925
2447	9646
2447	6455
2456	7317
2462	8100
2462	7218
2462	7718
2462	8813
2463	7007
2463	3261
2463	109
2479	6261
2508	3714
2508	8851
2512	9374
2515	8346
2525	482
2526	1453
2526	8301
2526	4367
2533	8805
2533	3573
2533	9239
2544	3045
2551	6669
2551	1267
2559	3443
2559	9043
2559	1764
2563	4403
2564	6097
2564	5213
2564	7941
2565	11535
2565	3274
2570	458
2570	6335
2571	10276
2571	2005
2581	3474
2583	1631
2583	5382
2601	312
2601	3941
2607	5995
2623	11622
2623	5932
2623	7342
2637	9103
2637	3152
2637	7822
2637	8864
2637	11141
2637	12041
2637	9052
2648	458
2648	6335
2667	7660
2673	2640
2673	3425
2675	11415
2675	11776
2694	7781
2694	7058
2694	3483
2705	3708
2707	3125
2707	3457
2708	7002
2708	9839
2717	6999
2731	5493
2734	4482
2734	11982
2737	10010
2737	8328
2737	4132
2737	2387
2737	11098
2738	9455
2738	8158
2738	9903
2738	7541
2738	8590
2741	9957
2747	3395
2753	9801
2753	4224
2753	1892
2755	900
2756	8294
2756	772
2756	3753
2764	8109
2773	4823
2773	1962
2773	3740
2789	8673
2789	8986
2802	2492
2802	2023
2805	7800
2805	3412
2806	6127
2807	5341
2807	8934
2813	5827
2813	3471
2823	11195
2823	4368
2823	2476
2823	5024
2835	7007
2835	3261
2835	109
2836	1896
2836	2788
2836	11635
2849	325
2849	11603
2849	11273
2849	3067
2855	2608
2861	6733
2867	7361
2867	6284
2881	377
2881	9333
2890	344
2890	1125
2890	3719
2890	10117
2901	12039
2905	9988
2909	2850
2912	1979
2912	1083
2912	642
2916	8673
2916	8986
2946	10944
2946	7999
2946	956
2946	1875
2946	1456
2946	9256
2946	5237
2953	8874
2953	1976
2953	6220
2953	9119
2953	11556
2968	2640
2968	3425
2975	861
2976	2919
2976	1031
2978	11833
2979	1776
2981	6261
2982	4293
2984	3428
3004	3257
3004	6059
3005	8206
3005	2572
3019	11443
3035	312
3035	3941
3037	1199
3037	8191
3042	3045
3043	8109
3052	143
3063	3631
3066	8299
3066	1276
3078	9103
3078	3152
3078	7822
3078	8864
3078	11141
3078	12041
3078	9052
3082	6023
3096	3125
3096	3457
3100	7540
3100	10808
3100	2210
3100	164
3102	458
3102	6335
3111	418
3114	5802
3126	11883
3129	9627
3130	3045
3134	7971
3134	1006
3134	7916
3136	7301
3136	7305
3140	8100
3140	7218
3140	7718
3140	8813
3154	5641
3154	12
3154	7184
3155	6999
3162	458
3162	6335
3166	6669
3166	1267
3167	5964
3168	7695
3168	7907
3168	3390
3168	4454
3191	1679
3196	2809
3204	1446
3204	11744
3209	6733
3221	2903
3227	10147
3234	10685
3248	3257
3248	6059
3258	3298
3258	348
3272	4684
3272	2499
3273	2059
3278	9836
3278	4739
3278	329
3278	1558
3284	9627
3289	2035
3297	2543
3303	482
3312	11438
3317	296
3317	6422
3317	8216
3321	5713
3321	7514
3321	4441
3324	8214
3324	1774
3324	376
3332	6486
3336	6425
3338	1161
3338	1806
3338	10531
3345	7781
3345	7058
3345	3483
3348	8264
3348	640
3349	3722
3349	4640
3349	9930
3361	7800
3361	3412
3362	6023
3367	4303
3367	182
3367	9557
3376	482
3385	10116
3385	4639
3402	2453
3402	5579
3420	3257
3420	6059
3430	2634
3430	5220
3430	6535
3434	6461
3434	11755
3434	7694
3437	10193
3442	9455
3442	8158
3442	9903
3442	7541
3442	8590
3448	7610
3448	10838
3465	5802
3468	8282
3472	1050
3472	7043
3472	11585
3475	12100
3475	10367
3488	7675
3488	1052
3488	212
3488	3080
3490	7361
3490	6284
3492	4823
3492	1962
3492	3740
3504	6935
3505	4689
3505	6642
3509	325
3509	11603
3509	11273
3509	3067
3516	1453
3516	8301
3516	4367
3527	5995
3534	8294
3534	772
3534	3753
3546	2896
3562	11195
3562	4368
3562	2476
3562	5024
3564	5641
3564	12
3564	7184
3565	5648
3566	6868
3576	7675
3576	1052
3576	212
3576	3080
3589	7800
3589	3412
3601	6023
3614	7781
3614	7058
3614	3483
3616	7846
3616	7159
3616	10581
3616	2140
3617	9935
3622	9088
3622	3591
3624	2219
3632	7925
3642	3125
3642	3457
3645	8109
3647	3386
3649	10147
3671	2059
3679	1129
3679	267
3679	7766
3679	4973
3681	4181
3681	6460
3681	6310
3681	12001
3684	11854
3684	11288
3694	5802
3696	7971
3696	1006
3696	7916
3703	12082
3703	3960
3712	8789
3723	1979
3723	1083
3723	642
3727	7533
3729	6595
3729	1149
3736	1681
3736	4175
3736	1214
3737	9988
3750	7795
3767	7675
3767	1052
3767	212
3767	3080
3769	7538
3769	9070
3774	71
3777	6999
3785	11957
3785	7676
3785	8861
3785	6740
3785	11869
3793	11907
3798	2492
3798	2023
3800	11622
3800	5932
3800	7342
3809	296
3809	6422
3809	8216
3813	748
3814	4823
3814	1962
3814	3740
3815	11760
3819	7795
3821	7540
3821	10808
3821	2210
3821	164
3829	709
3832	8826
3832	6543
3832	8168
3837	5684
3837	9193
3844	982
3849	11622
3849	5932
3849	7342
3850	2809
3852	11438
3853	7028
3853	3486
3854	10897
3854	7887
3865	9935
3872	7540
3872	10808
3872	2210
3872	164
3875	7232
3875	2641
3875	4627
3875	11184
3895	2934
3909	10116
3909	4639
3913	4932
3913	1940
3921	7971
3921	1006
3921	7916
3922	2543
3929	10051
3929	9820
3929	10612
3929	6506
3931	4713
3931	2951
3931	9263
3931	5360
3932	7261
3932	9771
3942	6425
3945	10051
3945	9820
3945	10612
3945	6506
3947	3722
3947	4640
3947	9930
3953	4303
3953	182
3953	9557
3956	8282
3961	7533
3964	9988
3966	6548
3967	10309
3967	1830
3967	2742
3967	10048
3973	4037
3973	7321
3973	6496
3980	9447
3980	8772
3983	2492
3983	2023
3989	3862
3992	9103
3992	3152
3992	7822
3992	8864
3992	11141
3992	12041
3992	9052
4012	2809
4015	9153
4016	4205
4016	2808
4016	8639
4016	11921
4020	1881
4020	141
4020	181
4024	5684
4024	9193
4025	7007
4025	3261
4025	109
4030	9836
4030	4739
4030	329
4030	1558
4040	5802
4044	6582
4045	5283
4045	9911
4045	10366
4045	4406
4052	5574
4055	11230
4082	10860
4082	6092
4082	12046
4082	3009
4088	5862
4097	2899
4097	10564
4111	1821
4111	9430
4111	4570
4111	4288
4111	1213
4111	8103
4111	886
4116	4205
4116	2808
4116	8639
4116	11921
4119	5802
4122	6049
4122	1327
4123	10537
4123	3195
4124	2934
4127	9179
4127	12036
4127	339
4127	5203
4131	4635
4131	10884
4134	9447
4134	8772
4139	3443
4139	9043
4139	1764
4147	9935
4155	7660
4157	1740
4157	10645
4169	6373
4169	5355
4174	7301
4174	7305
4179	5713
4179	7514
4179	4441
4190	8264
4190	640
4193	3038
4193	6095
4206	11134
4206	8469
4211	7270
4211	5092
4211	243
4221	1453
4221	8301
4221	4367
4236	7610
4236	10838
4243	4635
4243	10884
4250	11508
4250	2309
4262	9495
4262	5090
4267	71
4274	11407
4274	283
4275	2634
4275	5220
4275	6535
4280	11407
4280	283
4282	7270
4282	5092
4282	243
4305	1453
4305	8301
4305	4367
4310	2853
4310	5329
4311	8109
4316	6097
4316	5213
4316	7941
4331	455
4333	2634
4333	5220
4333	6535
4336	312
4336	3941
4339	11284
4339	3206
4339	987
4350	3631
4354	10537
4354	3195
4355	3125
4355	3457
4356	9455
4356	8158
4356	9903
4356	7541
4356	8590
4377	9900
4377	7986
4377	8982
4382	5402
4413	1979
4413	1083
4413	642
4417	3038
4417	6095
4421	7028
4421	3486
4425	9124
4425	4767
4426	7533
4439	7669
4439	1392
4439	867
4446	9501
4452	2809
4453	7925
4463	12082
4463	3960
4471	1199
4471	8191
4473	3984
4473	11380
4481	1453
4481	8301
4481	4367
4488	3395
4494	1129
4494	267
4494	7766
4494	4973
4497	3722
4497	4640
4497	9930
4500	3981
4500	315
4500	2076
4501	1161
4501	1806
4501	10531
4504	6127
4510	3428
4514	10863
4514	11845
4516	9447
4516	8772
4532	10685
4537	2809
4544	8874
4544	1976
4544	6220
4544	9119
4544	11556
4572	5341
4572	8934
4574	3395
4576	7675
4576	1052
4576	212
4576	3080
4579	892
4579	4772
4579	4888
4582	6049
4582	1327
4589	12033
4589	2997
4589	4840
4590	5684
4590	9193
4592	11535
4592	3274
4594	5641
4594	12
4594	7184
4605	1199
4605	8191
4607	6049
4607	1327
4615	6261
4622	5713
4622	7514
4622	4441
4634	8282
4650	2640
4650	3425
4651	3984
4651	11380
4653	4706
4653	3760
4653	1439
4662	2853
4662	5329
4672	2919
4672	1031
4674	10147
4690	6049
4690	1327
4698	733
4698	9978
4698	9286
4705	1979
4705	1083
4705	642
4711	8874
4711	1976
4711	6220
4711	9119
4711	11556
4715	8621
4715	4156
4715	12090
4716	2934
4727	2492
4727	2023
4731	6669
4731	1267
4734	3984
4734	11380
4741	5877
4744	10250
4744	7348
4748	8805
4748	3573
4748	9239
4756	3038
4756	6095
4763	11883
4768	8173
4779	5684
4779	9193
4793	5862
4798	5402
4813	11134
4813	8469
4815	9495
4815	5090
4819	2809
4820	3125
4820	3457
4827	4932
4827	1940
4829	6541
4829	1133
4841	3045
4843	9935
4847	11249
4855	2919
4855	1031
4860	9290
4860	7684
4860	872
4860	3597
4873	11622
4873	5932
4873	7342
4883	5747
4883	10350
4883	9720
4902	982
4909	10897
4909	7887
4912	5493
4913	3924
4913	3479
4913	6185
4915	7971
4915	1006
4915	7916
4920	5475
4920	1376
4920	3794
4934	6582
4941	2775
4941	857
4942	7880
4949	7669
4949	1392
4949	867
4952	344
4952	1125
4952	3719
4952	10117
4954	143
4958	5013
4958	9236
4958	11483
4958	445
4960	10899
4960	628
4962	3038
4962	6095
4971	7007
4971	3261
4971	109
4977	861
4981	7955
4981	4666
4987	9447
4987	8772
4989	7007
4989	3261
4989	109
4990	10309
4990	1830
4990	2742
4990	10048
4995	8418
4995	3172
4995	10112
4998	4600
4998	4008
5007	8805
5007	3573
5007	9239
5009	4932
5009	1940
5014	11833
5017	2608
5020	9781
5020	1555
5020	8169
5020	6480
5023	10147
5029	11195
5029	4368
5029	2476
5029	5024
5039	7955
5039	4666
5043	7007
5043	3261
5043	109
5046	3722
5046	4640
5046	9930
5051	2853
5051	5329
5053	4036
5053	6196
5053	2436
5055	8173
5065	8127
5065	11154
5065	10723
5086	4482
5086	11982
5096	3795
5096	9753
5107	2850
5116	900
5122	5862
5123	8871
5125	7971
5125	1006
5125	7916
5127	11415
5127	11776
5128	7270
5128	5092
5128	243
5136	5802
5142	11957
5142	7676
5142	8861
5142	6740
5142	11869
5152	7488
5162	11508
5162	2309
5163	3428
5168	10846
5168	10188
5168	10115
5170	3298
5170	348
5185	11134
5185	8469
5198	5013
5198	9236
5198	11483
5198	445
5210	7488
5242	3036
5250	11407
5250	283
5254	10930
5254	11166
5254	6521
5254	8365
5256	11407
5256	283
5266	5402
5303	7007
5303	3261
5303	109
5308	3868
5308	731
5308	11485
5327	4625
5327	11173
5332	2634
5332	5220
5332	6535
5333	11831
5337	3722
5337	4640
5337	9930
5342	7533
5353	3395
5354	7232
5354	2641
5354	4627
5354	11184
5368	733
5368	9978
5368	9286
5371	9781
5371	1555
5371	8169
5371	6480
5383	6049
5383	1327
5391	7270
5391	5092
5391	243
5393	9836
5393	4739
5393	329
5393	1558
5397	5713
5397	7514
5397	4441
5398	2035
5403	10010
5403	8328
5403	4132
5403	2387
5403	11098
5408	4684
5408	2499
5409	1740
5409	10645
5413	4451
5413	9030
5416	10247
5416	11947
5418	6548
5433	7610
5433	10838
5434	9988
5438	8214
5438	1774
5438	376
5443	1560
5443	6393
5448	11195
5448	4368
5448	2476
5448	5024
5450	1199
5450	8191
5452	3722
5452	4640
5452	9930
5457	8346
5465	8127
5465	11154
5465	10723
5474	5306
5480	10944
5480	7999
5480	956
5480	1875
5480	1456
5480	9256
5480	5237
5485	7669
5485	1392
5485	867
5486	7529
5492	9447
5492	8772
5497	6548
5511	9900
5511	7986
5511	8982
5513	8264
5513	640
5514	11686
5514	11243
5514	7876
5517	3984
5517	11380
5525	3474
5533	11833
5539	325
5539	11603
5539	11273
5539	3067
5545	7971
5545	1006
5545	7916
5547	2850
5561	4037
5561	7321
5561	6496
5580	8282
5583	9957
5592	4248
5592	8556
5592	4985
5596	7002
5596	9839
5600	71
5605	10899
5605	628
5611	4540
5619	2634
5619	5220
5619	6535
5630	6733
5653	10995
5653	11190
5656	8621
5656	4156
5656	12090
5657	2934
5659	8418
5659	3172
5659	10112
5661	8770
5661	2732
5666	5747
5666	10350
5666	9720
5667	3981
5667	315
5667	2076
5672	11508
5672	2309
5687	1199
5687	8191
5693	11622
5693	5932
5693	7342
5694	8869
5694	5282
5694	1905
5694	10321
5702	4303
5702	182
5702	9557
5707	2934
5716	8805
5716	3573
5716	9239
5718	9575
5718	3927
5718	9966
5724	12082
5724	3960
5728	4181
5728	6460
5728	6310
5728	12001
5729	7540
5729	10808
5729	2210
5729	164
5734	6868
5744	296
5744	6422
5744	8216
5758	9957
5769	4420
5769	11224
5777	2640
5777	3425
5781	7795
5782	9575
5782	3927
5782	9966
5792	11399
5806	5802
5811	709
5819	143
5821	7540
5821	10808
5821	2210
5821	164
5822	2757
5834	3395
5847	675
5848	4160
5848	7340
5853	325
5853	11603
5853	11273
5853	3067
5878	325
5878	11603
5878	11273
5878	3067
5879	2903
5907	4706
5907	3760
5907	1439
5908	709
5924	9801
5924	4224
5924	1892
5931	7301
5931	7305
5935	5862
5937	10111
5937	8344
5937	9620
5940	2640
5940	3425
5942	7102
5949	8418
5949	3172
5949	10112
5952	6868
5954	6541
5954	1133
5958	458
5958	6335
5961	2634
5961	5220
5961	6535
5965	1161
5965	1806
5965	10531
5968	6461
5968	11755
5968	7694
5973	2919
5973	1031
5978	5733
5982	552
5993	2219
6005	5827
6005	3471
6006	3924
6006	3479
6006	6185
6010	2640
6010	3425
6016	1881
6016	141
6016	181
6020	7533
6027	7846
6027	7159
6027	10581
6027	2140
6029	11415
6029	11776
6033	1821
6033	9430
6033	4570
6033	4288
6033	1213
6033	8103
6033	886
6034	3924
6034	3479
6034	6185
6038	21
6039	1821
6039	9430
6039	4570
6039	4288
6039	1213
6039	8103
6039	886
6057	6733
6061	4420
6061	11224
6062	10010
6062	8328
6062	4132
6062	2387
6062	11098
6110	11535
6110	3274
6113	4540
6115	10995
6115	11190
6116	11404
6118	11134
6118	8469
6119	9957
6121	10897
6121	7887
6124	8789
6151	8294
6151	772
6151	3753
6153	8770
6153	2732
6156	11415
6156	11776
6160	8214
6160	1774
6160	376
6165	11415
6165	11776
6166	7533
6186	3443
6186	9043
6186	1764
6187	455
6194	4036
6194	6196
6194	2436
6202	10860
6202	6092
6202	12046
6202	3009
6216	5540
6219	1881
6219	141
6219	181
6221	7488
6223	11760
6228	1560
6228	6393
6231	8418
6231	3172
6231	10112
6233	11407
6233	283
6238	7675
6238	1052
6238	212
6238	3080
6245	4848
6246	1896
6246	2788
6246	11635
6258	5713
6258	7514
6258	4441
6262	3435
6262	8052
6262	11262
6287	9495
6287	5090
6296	3708
6312	4181
6312	6460
6312	6310
6312	12001
6313	7538
6313	9070
6323	12082
6323	3960
6330	2896
6338	10193
6349	1381
6349	2826
6358	3795
6358	9753
6360	2906
6360	1382
6360	6688
6363	2775
6363	857
6371	5995
6379	552
6380	1381
6380	2826
6381	5995
6388	4403
6399	10751
6399	2927
6399	2274
6413	5341
6413	8934
6426	3435
6426	8052
6426	11262
6429	9900
6429	7986
6429	8982
6431	8109
6434	2853
6434	5329
6437	5641
6437	12
6437	7184
6442	377
6442	9333
6453	3722
6453	4640
6453	9930
6463	6999
6470	2660
6470	6972
6472	3038
6472	6095
6492	6669
6492	1267
6494	2530
6495	10147
6497	11230
6511	167
6520	3981
6520	315
6520	2076
6544	3474
6554	5150
6554	1576
6554	2746
6557	5713
6557	7514
6557	4441
6563	9781
6563	1555
6563	8169
6563	6480
6574	6774
6574	7742
6578	900
6579	8805
6579	3573
6579	9239
6580	5595
6591	6261
6594	4160
6594	7340
6604	4293
6611	8109
6612	7533
6629	2660
6629	6972
6634	9935
6636	10537
6636	3195
6640	8621
6640	4156
6640	12090
6645	11249
6657	5595
6670	6127
6671	5684
6671	9193
6676	2608
6686	9836
6686	4739
6686	329
6686	1558
6689	9153
6690	11573
6690	2277
6690	4077
6700	3125
6700	3457
6713	8264
6713	640
6715	3845
6715	6247
6715	10989
6719	11622
6719	5932
6719	7342
6727	9935
6744	455
6748	10863
6748	11845
6751	733
6751	9978
6751	9286
6761	1129
6761	267
6761	7766
6761	4973
6765	7610
6765	10838
6767	9277
6767	7969
6769	4625
6769	11173
6771	3795
6771	9753
6775	12039
6795	1199
6795	8191
6815	5641
6815	12
6815	7184
6823	5341
6823	8934
6841	4205
6841	2808
6841	8639
6841	11921
6842	3981
6842	315
6842	2076
6855	4706
6855	3760
6855	1439
6866	9447
6866	8772
6871	10758
6871	1080
6879	4205
6879	2808
6879	8639
6879	11921
6884	5827
6884	3471
6885	6261
6893	10010
6893	8328
6893	4132
6893	2387
6893	11098
6895	7669
6895	1392
6895	867
6900	10955
6908	8587
6914	11415
6914	11776
6916	7880
6917	6595
6917	1149
6928	5802
6934	11854
6934	11288
6936	7896
6936	1862
6936	5850
6937	5684
6937	9193
6941	6261
6943	6733
6952	10860
6952	6092
6952	12046
6952	3009
6960	3386
6973	4498
6978	1896
6978	2788
6978	11635
6982	647
6982	9888
6982	4263
6982	3690
6985	7823
6985	4346
6985	4914
6995	7971
6995	1006
6995	7916
6996	7533
7015	6023
7033	4540
7034	7795
7039	4540
7040	5574
7050	10897
7050	7887
7051	2809
7055	6868
7057	9442
7057	6154
7070	4684
7070	2499
7104	1129
7104	267
7104	7766
7104	4973
7108	9501
7122	9103
7122	3152
7122	7822
7122	8864
7122	11141
7122	12041
7122	9052
7124	1199
7124	8191
7135	10147
7144	7610
7144	10838
7148	5862
7155	11185
7155	5066
7155	2047
7161	3708
7179	8418
7179	3172
7179	10112
7180	9440
7194	8789
7210	9124
7210	4767
7255	10955
7259	10685
7262	1050
7262	7043
7262	11585
7264	474
7267	10193
7272	21
7274	6373
7274	5355
7275	10995
7275	11190
7282	5595
7292	7971
7292	1006
7292	7916
7307	7846
7307	7159
7307	10581
7307	2140
7322	7232
7322	2641
7322	4627
7322	11184
7329	11854
7329	11288
7337	458
7337	6335
7343	9781
7343	1555
7343	8169
7343	6480
7352	11134
7352	8469
7363	5595
7365	5964
7367	9501
7416	4451
7416	9030
7419	490
7419	8011
7419	1339
7421	2757
7423	7538
7423	9070
7425	10010
7425	8328
7425	4132
7425	2387
7425	11098
7439	10944
7439	7999
7439	956
7439	1875
7439	1456
7439	9256
7439	5237
7441	7795
7444	11907
7448	7102
7462	5462
7462	11033
7472	377
7472	9333
7489	3125
7489	3457
7493	9836
7493	4739
7493	329
7493	1558
7495	7028
7495	3486
7498	1199
7498	8191
7503	7610
7503	10838
7513	8127
7513	11154
7513	10723
7517	6425
7519	4932
7519	1940
7527	8109
7535	3984
7535	11380
7539	11407
7539	283
7548	3333
7548	11682
7551	2453
7551	5579
7554	6595
7554	1149
7557	10276
7557	2005
7562	7567
7566	2906
7566	1382
7566	6688
7575	5475
7575	1376
7575	3794
7587	9455
7587	8158
7587	9903
7587	7541
7587	8590
7589	8109
7594	2809
7605	11760
7618	10863
7618	11845
7646	10247
7646	11947
7650	7971
7650	1006
7650	7916
7651	325
7651	11603
7651	11273
7651	3067
7652	733
7652	9978
7652	9286
7667	11508
7667	2309
7672	8871
7693	5475
7693	1376
7693	3794
7696	8109
7712	7261
7712	9771
7713	3631
7716	5475
7716	1376
7716	3794
7729	9501
7737	3507
7737	8189
7745	143
7756	11195
7756	4368
7756	2476
7756	5024
7761	4897
7761	428
7771	7540
7771	10808
7771	2210
7771	164
7774	3845
7774	6247
7774	10989
7778	11284
7778	3206
7778	987
7779	2492
7779	2023
7782	9935
7791	5641
7791	12
7791	7184
7793	9171
7793	4723
7793	816
7803	7488
7804	4823
7804	1962
7804	3740
7814	900
7815	4303
7815	182
7815	9557
7820	5713
7820	7514
7820	4441
7825	1453
7825	8301
7825	4367
7830	5493
7839	7781
7839	7058
7839	3483
7845	6461
7845	11755
7845	7694
7861	3868
7861	731
7861	11485
7866	7880
7869	2896
7875	4181
7875	6460
7875	6310
7875	12001
7890	7270
7890	5092
7890	243
7892	2219
7894	3386
7895	4600
7895	4008
7930	455
7946	3507
7946	8189
7947	6582
7950	2896
7951	11438
7973	10193
7978	11907
7979	2903
7982	1453
7982	8301
7982	4367
7990	5574
7994	11230
8007	8100
8007	7218
8007	7718
8007	8813
8013	2035
8028	1679
8045	5964
8054	2660
8054	6972
8061	2992
8062	6097
8062	5213
8062	7941
8080	9988
8086	4160
8086	7340
8096	7028
8096	3486
8115	2530
8117	2903
8120	5013
8120	9236
8120	11483
8120	445
8122	3868
8122	731
8122	11485
8128	8282
8139	4248
8139	8556
8139	4985
8148	167
8149	5595
8154	552
8172	11622
8172	5932
8172	7342
8179	5641
8179	12
8179	7184
8185	4684
8185	2499
8195	458
8195	6335
8196	4823
8196	1962
8196	3740
8202	1381
8202	2826
8204	2906
8204	1382
8204	6688
8243	10116
8243	4639
8246	12094
8248	2853
8248	5329
8268	10051
8268	9820
8268	10612
8268	6506
8270	6774
8270	7742
8275	12033
8275	2997
8275	4840
8285	10488
8285	7175
8290	9447
8290	8772
8303	10051
8303	9820
8303	10612
8303	6506
8308	7880
8309	2640
8309	3425
8312	9957
8314	5341
8314	8934
8353	7896
8353	1862
8353	5850
8359	2634
8359	5220
8359	6535
8366	675
8369	6548
8371	7007
8371	3261
8371	109
8376	10956
8380	3045
8381	3036
8396	7529
8398	10782
8414	7533
8417	1161
8417	1806
8417	10531
8419	2853
8419	5329
8434	8173
8466	3845
8466	6247
8466	10989
8467	552
8473	3924
8473	3479
8473	6185
8476	21
8479	7896
8479	1862
8479	5850
8481	11508
8481	2309
8488	7567
8489	7955
8489	4666
8495	4293
8496	10276
8496	2005
8500	5013
8500	9236
8500	11483
8500	445
8507	7540
8507	10808
8507	2210
8507	164
8508	7823
8508	4346
8508	4914
8510	4205
8510	2808
8510	8639
8510	11921
8511	21
8519	3298
8519	348
8526	2035
8536	2775
8536	857
8538	10897
8538	7887
8542	1881
8542	141
8542	181
8543	10995
8543	11190
8545	3924
8545	3479
8545	6185
8551	296
8551	6422
8551	8216
8569	647
8569	9888
8569	4263
8569	3690
8571	7846
8571	7159
8571	10581
8571	2140
8575	8346
8586	11230
8591	748
8593	10111
8593	8344
8593	9620
8596	5341
8596	8934
8600	6373
8600	5355
8604	9495
8604	5090
8606	11415
8606	11776
8607	12082
8607	3960
8610	10147
8626	8173
8629	2919
8629	1031
8637	6486
8638	6548
8644	1050
8644	7043
8644	11585
8653	7529
8667	4181
8667	6460
8667	6310
8667	12001
8670	2660
8670	6972
8678	1821
8678	9430
8678	4570
8678	4288
8678	1213
8678	8103
8678	886
8679	3899
8681	6261
8697	11185
8697	5066
8697	2047
8708	3708
8710	3125
8710	3457
8713	2640
8713	3425
8714	6541
8714	1133
8715	733
8715	9978
8715	9286
8727	3395
8729	2395
8729	1269
8735	10147
8737	2899
8737	10564
8739	1979
8739	1083
8739	642
8744	982
8745	3845
8745	6247
8745	10989
8747	5827
8747	3471
8760	3125
8760	3457
8768	377
8768	9333
8776	11404
8787	418
8872	8299
8872	1276
8881	2809
8889	7261
8889	9771
8915	7823
8915	4346
8915	4914
8916	8282
8925	7880
8927	3395
8939	9153
8946	8299
8946	1276
8953	3257
8953	6059
8959	4823
8959	1962
8959	3740
8968	9988
8984	5827
8984	3471
8999	2903
9008	5150
9008	1576
9008	2746
9021	5402
9024	7567
9028	6595
9028	1149
9031	458
9031	6335
9032	4293
9035	10995
9035	11190
9036	6582
9039	11400
9039	742
9042	3577
9042	11306
9042	6485
9050	11407
9050	283
9053	748
9057	1381
9057	2826
9066	11407
9066	283
9077	8805
9077	3573
9077	9239
9079	11778
9079	5852
9084	8346
9087	982
9094	9575
9094	3927
9094	9966
9097	10276
9097	2005
9100	4037
9100	7321
9100	6496
9101	9900
9101	7986
9101	8982
9102	377
9102	9333
9107	71
9111	6999
9112	8264
9112	640
9130	5641
9130	12
9130	7184
9134	2608
9139	2634
9139	5220
9139	6535
9147	9447
9147	8772
9168	5493
9175	3722
9175	4640
9175	9930
9181	10685
9185	11443
9186	8299
9186	1276
9192	9495
9192	5090
9194	11438
9195	9103
9195	3152
9195	7822
9195	8864
9195	11141
9195	12041
9195	9052
9200	5341
9200	8934
9204	4706
9204	3760
9204	1439
9207	1453
9207	8301
9207	4367
9217	7270
9217	5092
9217	243
9218	10147
9224	4848
9225	11310
9228	5306
9238	2896
9243	10111
9243	8344
9243	9620
9252	9781
9252	1555
9252	8169
9252	6480
9253	71
9255	7846
9255	7159
9255	10581
9255	2140
9258	10010
9258	8328
9258	4132
9258	2387
9258	11098
9285	6097
9285	5213
9285	7941
9289	4684
9289	2499
9299	71
9307	5493
9312	4635
9312	10884
9327	6733
9330	3125
9330	3457
9369	1199
9369	8191
9377	10116
9377	4639
9379	2850
9389	748
9390	5684
9390	9193
9394	11833
9397	9153
9399	2786
9405	2660
9405	6972
9407	2660
9407	6972
9414	1896
9414	2788
9414	11635
9418	4823
9418	1962
9418	3740
9428	4181
9428	6460
9428	6310
9428	12001
9436	9447
9436	8772
9438	8100
9438	7218
9438	7718
9438	8813
9443	6486
9444	4600
9444	4008
9446	6486
9449	1129
9449	267
9449	7766
9449	4973
9458	2903
9475	5283
9475	9911
9475	10366
9475	4406
9481	10247
9481	11947
9486	2992
9502	7488
9511	12082
9511	3960
9535	1631
9535	5382
9536	8282
9548	7955
9548	4666
9549	10899
9549	628
9552	7301
9552	7305
9554	10051
9554	9820
9554	10612
9554	6506
9561	7533
9565	8871
9566	1453
9566	8301
9566	4367
9568	1821
9568	9430
9568	4570
9568	4288
9568	1213
9568	8103
9568	886
9571	6023
9585	7529
9594	2786
9597	6774
9597	7742
9600	10863
9600	11845
9601	11573
9601	2277
9601	4077
9609	2896
9618	4540
9621	4713
9621	2951
9621	9263
9621	5360
9649	11686
9649	11243
9649	7876
9654	5574
9661	3298
9661	348
9672	4482
9672	11982
9682	10309
9682	1830
9682	2742
9682	10048
9687	10250
9687	7348
9689	6868
9695	7317
9717	8561
9717	10297
9717	10814
9731	458
9731	6335
9738	10944
9738	7999
9738	956
9738	1875
9738	1456
9738	9256
9738	5237
9739	5150
9739	1576
9739	2746
9742	2395
9742	1269
9746	7261
9746	9771
9754	11622
9754	5932
9754	7342
9756	2395
9756	1269
9758	3899
9759	11443
9764	10276
9764	2005
9782	10860
9782	6092
9782	12046
9782	3009
9784	5574
9803	6618
9811	8789
9813	8418
9813	3172
9813	10112
9824	71
9826	1821
9826	9430
9826	4570
9826	4288
9826	1213
9826	8103
9826	886
9830	5540
9833	458
9833	6335
9834	4293
9840	5574
9841	7538
9841	9070
9852	8587
9854	748
9867	6669
9867	1267
9868	3435
9868	8052
9868	11262
9869	6669
9869	1267
9873	5827
9873	3471
9884	71
9890	7660
9897	900
9898	8264
9898	640
9905	6097
9905	5213
9905	7941
9923	6582
9937	5306
9939	9374
9941	6049
9941	1327
9942	5493
9944	11134
9944	8469
9975	7361
9975	6284
9987	7695
9987	7907
9987	3390
9987	4454
9990	5150
9990	1576
9990	2746
9995	8805
9995	3573
9995	9239
10004	8173
10005	11230
10006	2640
10006	3425
10013	3981
10013	315
10013	2076
10017	2992
10020	10863
10020	11845
10032	9988
10055	9935
10066	5462
10066	11033
10069	5595
10072	11284
10072	3206
10072	987
10088	5684
10088	9193
10103	325
10103	11603
10103	11273
10103	3067
10113	325
10113	11603
10113	11273
10113	3067
10119	709
10120	6373
10120	5355
10134	3899
10144	4303
10144	182
10144	9557
10146	5827
10146	3471
10171	2934
10177	9290
10177	7684
10177	872
10177	3597
10182	11831
10197	10751
10197	2927
10197	2274
10206	9801
10206	4224
10206	1892
10207	4205
10207	2808
10207	8639
10207	11921
10213	861
10219	2775
10219	857
10222	2775
10222	857
10240	10276
10240	2005
10243	2919
10243	1031
10245	2899
10245	10564
10246	3428
10251	9124
10251	4767
10252	1740
10252	10645
10254	7695
10254	7907
10254	3390
10254	4454
10268	5574
10272	8346
10280	1679
10284	10995
10284	11190
10302	12033
10302	2997
10302	4840
10310	3443
10310	9043
10310	1764
10312	4160
10312	7340
10320	11778
10320	5852
10333	21
10335	9455
10335	8158
10335	9903
10335	7541
10335	8590
10338	9801
10338	4224
10338	1892
10351	7538
10351	9070
10356	10116
10356	4639
10359	10897
10359	7887
10361	2757
10371	9179
10371	12036
10371	339
10371	5203
10377	4366
10379	325
10379	11603
10379	11273
10379	3067
10380	3924
10380	3479
10380	6185
10385	12094
10390	647
10390	9888
10390	4263
10390	3690
10393	5402
10402	10899
10402	628
10404	6733
10410	9495
10410	5090
10421	3045
10422	11686
10422	11243
10422	7876
10428	1560
10428	6393
10430	5862
10443	11833
10447	3868
10447	731
10447	11485
10450	1896
10450	2788
10450	11635
10455	8869
10455	5282
10455	1905
10455	10321
10467	11284
10467	3206
10467	987
10473	647
10473	9888
10473	4263
10473	3690
10479	8299
10479	1276
10486	11230
10491	1896
10491	2788
10491	11635
10501	11573
10501	2277
10501	4077
10508	6097
10508	5213
10508	7941
10520	7669
10520	1392
10520	867
10521	10955
10526	11957
10526	7676
10526	8861
10526	6740
10526	11869
10528	11957
10528	7676
10528	8861
10528	6740
10528	11869
10530	5995
10532	10247
10532	11947
10538	11622
10538	5932
10538	7342
10540	3045
10541	6868
10543	10250
10543	7348
10552	11833
10555	418
10565	10147
10566	11907
10576	5574
10577	3045
10591	8554
10597	5641
10597	12
10597	7184
10607	3795
10607	9753
10618	3298
10618	348
10622	71
10624	1631
10624	5382
10629	10995
10629	11190
10630	2634
10630	5220
10630	6535
10648	8418
10648	3172
10648	10112
10657	4181
10657	6460
10657	6310
10657	12001
10665	7673
10667	8346
10677	11760
10691	748
10700	2809
10703	10147
10706	4600
10706	4008
10708	8621
10708	4156
10708	12090
10710	3868
10710	731
10710	11485
10724	11883
10729	296
10729	6422
10729	8216
10732	4540
10734	9801
10734	4224
10734	1892
10735	7232
10735	2641
10735	4627
10735	11184
10755	11399
10759	5684
10759	9193
10760	10782
10767	2809
10784	7567
10787	900
10801	3298
10801	348
10802	4932
10802	1940
10816	9836
10816	4739
10816	329
10816	1558
10817	3507
10817	8189
10818	8109
10827	6595
10827	1149
10831	11438
10835	11399
10842	2757
10853	5150
10853	1576
10853	2746
10858	11833
10859	7538
10859	9070
10864	4205
10864	2808
10864	8639
10864	11921
10872	10685
10873	9957
10874	2543
10875	7028
10875	3486
10877	7270
10877	5092
10877	243
10879	10250
10879	7348
10888	2660
10888	6972
10890	9179
10890	12036
10890	339
10890	5203
10898	11760
10905	2775
10905	857
10939	709
10940	5540
10941	4451
10941	9030
10943	900
10950	11508
10950	2309
10968	11438
10972	892
10972	4772
10972	4888
10979	8100
10979	7218
10979	7718
10979	8813
10986	900
10988	10995
10988	11190
10999	4160
10999	7340
11003	10930
11003	11166
11003	6521
11003	8365
11014	143
11017	2608
11055	2853
11055	5329
11057	3045
11070	3435
11070	8052
11070	11262
11075	3045
11077	325
11077	11603
11077	11273
11077	3067
11086	1161
11086	1806
11086	10531
11092	8869
11092	5282
11092	1905
11092	10321
11093	10250
11093	7348
11107	1881
11107	141
11107	181
11120	3333
11120	11682
11162	2492
11162	2023
11176	2853
11176	5329
11183	5964
11192	6548
11197	9153
11201	2219
11210	892
11210	4772
11210	4888
11211	1681
11211	4175
11211	1214
11217	11284
11217	3206
11217	987
11219	4366
11222	6541
11222	1133
11223	709
11228	9103
11228	3152
11228	7822
11228	8864
11228	11141
11228	12041
11228	9052
11231	2775
11231	857
11239	4540
11252	10116
11252	4639
11254	12082
11254	3960
11258	4540
11277	9440
11293	296
11293	6422
11293	8216
11294	8282
11303	167
11308	7755
11313	9455
11313	8158
11313	9903
11313	7541
11313	8590
11319	2896
11329	9801
11329	4224
11329	1892
11331	5475
11331	1376
11331	3794
11335	2906
11335	1382
11335	6688
11336	325
11336	11603
11336	11273
11336	3067
11339	11134
11339	8469
11343	5283
11343	9911
11343	10366
11343	4406
11344	7800
11344	3412
11348	4540
11349	10944
11349	7999
11349	956
11349	1875
11349	1456
11349	9256
11349	5237
11360	2896
11363	9900
11363	7986
11363	8982
11395	8789
11405	8871
11423	11854
11423	11288
11429	10309
11429	1830
11429	2742
11429	10048
11433	7896
11433	1862
11433	5850
11437	5877
11461	10051
11461	9820
11461	10612
11461	6506
11468	1453
11468	8301
11468	4367
11470	7795
11479	8214
11479	1774
11479	376
11482	4482
11482	11982
11488	10247
11488	11947
11491	2853
11491	5329
11493	861
11523	2453
11523	5579
11530	8871
11538	7755
11539	8100
11539	7218
11539	7718
11539	8813
11545	4205
11545	2808
11545	8639
11545	11921
11546	4160
11546	7340
11549	9495
11549	5090
11583	2992
11617	11230
11619	5713
11619	7514
11619	4441
11626	5150
11626	1576
11626	2746
11629	8346
11630	11907
11631	11134
11631	8469
11640	9153
11644	4451
11644	9030
11649	11310
11672	458
11672	6335
11683	4713
11683	2951
11683	9263
11683	5360
11694	11508
11694	2309
11698	6049
11698	1327
11709	675
11724	12039
11730	9442
11730	6154
11740	3714
11740	8851
11743	11399
11750	1050
11750	7043
11750	11585
11758	3984
11758	11380
11759	1821
11759	9430
11759	4570
11759	4288
11759	1213
11759	8103
11759	886
11769	1381
11769	2826
11772	7675
11772	1052
11772	212
11772	3080
11775	5595
11780	7301
11780	7305
11789	1631
11789	5382
11791	2634
11791	5220
11791	6535
11794	7488
11816	2219
11830	1050
11830	7043
11830	11585
11841	900
11844	11833
11848	2634
11848	5220
11848	6535
11849	7795
11856	7270
11856	5092
11856	243
11857	490
11857	8011
11857	1339
11859	458
11859	6335
11861	9103
11861	3152
11861	7822
11861	8864
11861	11141
11861	12041
11861	9052
11863	5150
11863	1576
11863	2746
11867	2896
11875	11535
11875	3274
11876	1679
11878	2899
11878	10564
11881	8264
11881	640
11896	11907
11897	5648
11914	7317
11923	1740
11923	10645
11924	5877
11928	482
11929	5574
11933	10537
11933	3195
11938	2608
11941	7261
11941	9771
11943	7846
11943	7159
11943	10581
11943	2140
11946	3386
11951	4160
11951	7340
11956	1681
11956	4175
11956	1214
11959	9627
11966	6733
11968	474
11973	3868
11973	731
11973	11485
11985	7971
11985	1006
11985	7916
11993	3045
12013	3868
12013	731
12013	11485
12014	10051
12014	9820
12014	10612
12014	6506
12015	6049
12015	1327
12017	3924
12017	3479
12017	6185
12021	296
12021	6422
12021	8216
12024	900
12037	10537
12037	3195
12045	9124
12045	4767
12049	7102
12058	12082
12058	3960
12062	4366
12078	5150
12078	1576
12078	2746
12083	490
12083	8011
12083	1339
12087	6669
12087	1267
12088	10930
12088	11166
12088	6521
12088	8365
12091	10010
12091	8328
12091	4132
12091	2387
12091	11098
12095	5713
12095	7514
12095	4441
12098	8010
12098	6040
12104	11438
