10	5541
10	7385
17	5797
27	8220
35	2926
41	274
41	4110
41	8977
43	1021
48	5691
54	10570
54	898
54	9157
60	9573
60	9659
60	3811
61	2087
61	4191
62	7046
62	8661
62	11610
70	9013
78	5719
78	1946
85	3906
85	6028
95	5095
95	11915
106	5541
106	7385
112	4448
112	10695
115	2509
115	7360
116	8548
120	11431
120	5632
120	8439
125	10106
125	967
125	6050
137	3646
137	4975
138	7438
142	6264
146	3309
146	3231
155	1671
168	5288
168	4964
169	1300
169	4464
187	10496
201	5746
201	7045
201	3987
201	10650
201	3701
201	814
201	2380
201	11936
218	11793
218	5148
218	245
220	10570
220	898
220	9157
222	10000
222	9667
223	5549
227	6856
229	11215
233	8471
234	7741
240	2628
250	7438
264	6264
272	9020
272	11413
272	9410
272	9470
272	5701
272	3232
272	2619
276	7849
276	8930
290	5706
299	1359
321	558
321	4010
331	274
331	4110
331	8977
332	11156
340	76
342	11710
342	5202
347	9020
347	11413
347	9410
347	9470
347	5701
347	3232
347	2619
351	8675
351	1761
351	195
354	6332
354	11898
354	4754
361	5027
361	11925
366	4725
366	4963
380	7331
385	2846
392	4946
392	11800
392	7316
405	11785
405	2235
405	1827
405	3982
405	4340
407	4306
407	2450
407	5969
407	2361
409	11793
409	5148
409	245
415	8119
415	11720
415	232
419	7485
421	5601
441	5706
452	8548
463	7143
466	4725
466	4963
468	6976
468	11206
468	5109
472	7371
476	9360
476	1489
481	5309
481	10669
481	9971
481	6087
500	11710
500	5202
505	10964
505	8099
535	8051
535	11291
553	3309
553	3231
582	667
582	8252
582	53
582	3327
582	5145
585	11118
585	11765
585	9938
591	11840
601	5344
601	3455
614	4673
616	8051
616	11291
617	10368
617	775
617	4400
620	8749
626	6264
631	8618
631	3944
644	10459
644	10301
644	10249
644	9201
644	9775
657	1863
657	6046
657	668
679	11487
691	9982
691	6861
697	7838
700	6639
700	1904
700	1441
702	3745
704	532
705	1643
705	11788
710	375
710	4348
710	10850
719	667
719	8252
719	53
719	3327
719	5145
726	2827
727	536
727	2840
729	1379
729	4072
739	4093
739	11779
740	8618
740	3944
741	7410
754	10172
754	11909
755	11932
755	288
755	9710
756	8261
761	6892
761	11836
779	8663
779	4265
788	4444
788	4694
789	1584
789	9671
791	10810
794	8209
794	1154
794	3250
807	1863
807	6046
807	668
817	4138
817	8562
819	6128
824	7912
828	4329
828	98
828	8932
831	11431
831	5632
831	8439
839	6904
844	7808
847	11710
847	5202
848	521
848	5743
850	8209
850	1154
850	3250
856	1855
856	4069
864	11983
864	11099
864	6523
864	6378
865	8278
865	3842
881	435
881	2714
881	615
881	2536
881	4393
881	3205
881	5429
881	424
888	6840
897	4444
897	4694
909	2863
909	7030
912	1379
912	4072
914	1384
928	10570
928	898
928	9157
933	11314
933	2972
933	11385
934	3256
934	6556
934	2713
936	8412
936	11347
937	3646
937	4975
940	2269
940	6086
940	4608
948	11710
948	5202
949	2151
951	8119
951	11720
951	232
966	6091
966	823
966	1096
966	1450
981	4678
995	9614
995	11783
995	2744
1014	11487
1015	5344
1015	3455
1016	6840
1022	7371
1028	5309
1028	10669
1028	9971
1028	6087
1032	6423
1034	9894
1043	9678
1043	838
1048	7019
1048	7133
1053	4906
1053	9490
1056	1643
1056	11788
1059	10778
1061	5549
1066	11487
1081	8675
1081	1761
1081	195
1088	5727
1088	5062
1090	8464
1090	8182
1107	3309
1107	3231
1109	1643
1109	11788
1113	11207
1113	7024
1120	11531
1131	3048
1160	6264
1193	7883
1193	5056
1209	117
1215	4502
1218	6639
1218	1904
1218	1441
1223	1359
1228	9945
1228	4026
1248	5727
1248	5062
1250	10106
1250	967
1250	6050
1257	117
1265	11371
1265	2599
1275	11431
1275	5632
1275	8439
1278	5541
1278	7385
1282	8119
1282	11720
1282	232
1284	972
1286	12023
1286	4137
1286	10142
1286	10683
1286	9800
1287	547
1287	8827
1292	5706
1297	8220
1301	2926
1303	7808
1312	2087
1312	4191
1330	3092
1330	9073
1336	1359
1352	8464
1352	8182
1354	1174
1358	8039
1358	2657
1358	3796
1361	8675
1361	1761
1361	195
1364	6240
1364	5073
1364	1735
1370	5895
1370	9494
1371	8039
1371	2657
1371	3796
1375	5797
1378	8073
1388	10161
1393	7160
1393	8825
1397	9020
1397	11413
1397	9410
1397	9470
1397	5701
1397	3232
1397	2619
1399	10542
1412	1379
1412	4072
1417	5095
1417	11915
1424	8675
1424	1761
1424	195
1427	11890
1434	76
1449	4725
1449	4963
1461	3745
1468	12077
1468	7403
1479	11710
1479	5202
1484	3834
1484	7988
1484	6112
1488	1823
1488	6589
1488	8582
1495	11795
1508	76
1515	67
1517	8213
1517	486
1517	3054
1517	3717
1527	2486
1527	3197
1528	274
1528	4110
1528	8977
1536	2286
1575	532
1580	453
1583	3889
1585	8051
1585	11291
1587	2887
1587	320
1587	3888
1589	6976
1589	11206
1589	5109
1600	9219
1600	7923
1600	1374
1601	2055
1612	10964
1612	8099
1613	4726
1613	3187
1627	5288
1627	4964
1630	8548
1636	8471
1651	8943
1658	7143
1666	6332
1666	11898
1666	4754
1677	5095
1677	11915
1717	2151
1722	1723
1722	3015
1737	9573
1737	9659
1737	3811
1738	1063
1738	9615
1744	3906
1744	6028
1746	540
1757	9360
1757	1489
1759	7671
1759	3142
1765	11274
1766	3990
1781	9474
1790	2087
1790	4191
1793	2391
1793	4465
1793	1506
1793	5628
1793	3330
1794	9678
1794	838
1795	2709
1796	8548
1801	4725
1801	4963
1809	274
1809	4110
1809	8977
1813	3834
1813	7988
1813	6112
1815	2709
1818	8976
1822	6856
1837	835
1837	2511
1837	8095
1843	7808
1848	3834
1848	7988
1848	6112
1852	11932
1852	288
1852	9710
1860	8213
1860	486
1860	3054
1860	3717
1864	11795
1867	11890
1870	1855
1870	4069
1874	117
1894	9614
1894	11783
1894	2744
1901	7413
1901	8868
1902	4678
1909	3904
1909	4342
1916	7413
1916	8868
1920	4673
1925	6012
1932	11710
1932	5202
1954	7331
1959	10945
1959	1464
1970	11047
1972	5849
1972	2973
1977	6332
1977	11898
1977	4754
1981	2689
1981	2353
1993	11022
1993	8057
1995	6735
1995	5863
1997	1337
2011	2391
2011	4465
2011	1506
2011	5628
2011	3330
2016	2489
2025	5719
2025	1946
2034	24
2034	2213
2034	9503
2039	8412
2039	11347
2054	1110
2054	2295
2060	8261
2062	76
2064	11795
2066	6892
2066	11836
2067	5746
2067	7045
2067	3987
2067	10650
2067	3701
2067	814
2067	2380
2067	11936
2072	11215
2079	1174
2081	10616
2081	8919
2081	5551
2082	175
2084	8484
2095	7373
2095	1483
2095	8101
2100	2080
2100	6770
2114	5601
2117	6239
2117	619
2122	2628
2124	4093
2124	11779
2141	8459
2142	9945
2142	4026
2154	11710
2154	5202
2157	1863
2157	6046
2157	668
2162	540
2171	6091
2171	823
2171	1096
2171	1450
2173	8209
2173	1154
2173	3250
2175	6838
2175	3959
2175	8513
2184	11890
2194	2486
2194	3197
2196	453
2220	3309
2220	3231
2240	10159
2244	2087
2244	4191
2248	521
2248	5743
2249	8471
2253	8976
2256	435
2256	2714
2256	615
2256	2536
2256	4393
2256	3205
2256	5429
2256	424
2257	6976
2257	11206
2257	5109
2261	11047
2268	7132
2283	7046
2283	8661
2283	11610
2294	7849
2294	8930
2296	1110
2296	2295
2321	7532
2321	12032
2325	259
2325	7602
2329	4093
2329	11779
2340	4093
2340	11779
2349	10542
2350	5849
2350	2973
2354	7671
2354	3142
2357	8675
2357	1761
2357	195
2358	1614
2358	7613
2358	440
2363	11247
2363	4217
2363	8321
2365	436
2376	1063
2376	9615
2392	7160
2392	8825
2394	2680
2399	11983
2399	11099
2399	6523
2399	6378
2409	2882
2409	410
2417	4673
2427	3824
2427	2010
2432	558
2432	4010
2435	2628
2456	1671
2462	7019
2462	7133
2464	10654
2464	9122
2479	6240
2479	5073
2479	1735
2512	9288
2515	11531
2521	3904
2521	4342
2525	9945
2525	4026
2526	6856
2533	8071
2539	2216
2539	11285
2544	6892
2544	11836
2551	7637
2551	301
2563	11431
2563	5632
2563	8439
2564	4329
2564	98
2564	8932
2565	7727
2567	375
2567	4348
2567	10850
2570	835
2570	2511
2570	8095
2571	2709
2581	3380
2583	2080
2583	6770
2597	8209
2597	1154
2597	3250
2601	4093
2601	11779
2607	3897
2607	6021
2607	7724
2623	11871
2627	375
2627	4348
2627	10850
2637	7671
2637	3142
2648	835
2648	2511
2648	8095
2667	3646
2667	4975
2673	67
2675	1823
2675	6589
2675	8582
2681	1110
2681	2295
2703	3904
2703	4342
2705	1924
2705	5776
2707	1300
2707	4464
2708	274
2708	4110
2708	8977
2717	8669
2731	558
2731	4010
2734	6015
2734	10948
2737	9219
2737	7923
2737	1374
2738	11785
2738	2235
2738	1827
2738	3982
2738	4340
2741	9614
2741	11783
2741	2744
2743	2490
2743	10389
2747	2680
2749	8464
2749	8182
2753	1768
2753	2900
2755	6838
2755	3959
2755	8513
2756	7912
2764	11118
2764	11765
2764	9938
2773	521
2773	5743
2789	8521
2793	11983
2793	11099
2793	6523
2793	6378
2802	2882
2802	410
2805	8663
2805	4265
2806	6215
2806	9610
2806	9128
2807	10570
2807	898
2807	9157
2811	8464
2811	8182
2813	547
2813	8827
2823	6036
2823	3567
2849	6625
2849	8501
2849	1344
2855	24
2855	2213
2855	9503
2861	5849
2861	2973
2867	883
2867	837
2881	4502
2890	6128
2901	9388
2901	4513
2905	5601
2909	4511
2909	7389
2916	8521
2943	3824
2943	2010
2946	8412
2946	11347
2953	9360
2953	1489
2968	67
2975	11890
2976	6239
2976	619
2978	11274
2981	6240
2981	5073
2981	1735
2984	4725
2984	4963
3004	5719
3004	1946
3005	8213
3005	486
3005	3054
3005	3717
3018	8304
3018	1482
3019	5691
3035	4093
3035	11779
3037	8471
3040	9982
3040	6861
3042	6892
3042	11836
3043	11118
3043	11765
3043	9938
3052	6639
3052	1904
3052	1441
3063	685
3063	11068
3063	6581
3066	6904
3078	7671
3078	3142
3082	117
3087	11047
3096	1300
3096	4464
3100	7413
3100	8868
3102	835
3102	2511
3102	8095
3111	1863
3111	6046
3111	668
3114	5309
3114	10669
3114	9971
3114	6087
3126	1384
3130	6892
3130	11836
3134	7415
3134	9131
3136	5549
3140	7019
3140	7133
3154	2391
3154	4465
3154	1506
3154	5628
3154	3330
3155	8669
3162	835
3162	2511
3162	8095
3166	7637
3166	301
3168	2286
3191	1021
3196	1855
3196	4069
3204	8459
3209	5849
3209	2973
3221	540
3227	9529
3248	5719
3248	1946
3258	7373
3258	1483
3258	8101
3272	9183
3273	5963
3273	5011
3273	11803
3273	4493
3278	677
3289	3952
3289	11417
3289	1828
3289	11412
3297	7243
3297	3188
3303	9945
3303	4026
3310	3824
3310	2010
3313	9176
3313	7818
3317	1174
3321	6423
3324	4138
3324	8562
3332	6179
3332	6047
3336	7849
3336	8930
3338	8548
3348	3256
3348	6556
3348	2713
3349	7410
3361	8663
3361	4265
3362	117
3367	3365
3373	10162
3376	9945
3376	4026
3378	7160
3378	8825
3385	175
3402	9155
3402	10236
3402	6876
3420	5719
3420	1946
3437	4306
3437	2450
3437	5969
3437	2361
3442	11785
3442	2235
3442	1827
3442	3982
3442	4340
3448	8051
3448	11291
3459	7046
3459	8661
3459	11610
3465	5309
3465	10669
3465	9971
3465	6087
3468	10945
3468	1464
3490	883
3490	837
3492	521
3492	5743
3505	6012
3509	6625
3509	8501
3509	1344
3516	6856
3527	3897
3527	6021
3527	7724
3534	7912
3546	8803
3546	5685
3562	6036
3562	3567
3564	2391
3564	4465
3564	1506
3564	5628
3564	3330
3565	10797
3589	8663
3589	4265
3601	117
3603	8209
3603	1154
3603	3250
3615	11983
3615	11099
3615	6523
3615	6378
3616	3906
3616	6028
3617	12023
3617	4137
3617	10142
3617	10683
3617	9800
3624	11247
3624	4217
3624	8321
3642	1300
3642	4464
3645	11118
3645	11765
3645	9938
3647	532
3649	9529
3671	5963
3671	5011
3671	11803
3671	4493
3679	11215
3680	11840
3694	5309
3694	10669
3694	9971
3694	6087
3696	7415
3696	9131
3703	8758
3712	5344
3712	3455
3727	5541
3727	7385
3729	2509
3729	7360
3731	524
3731	9108
3732	7127
3737	5601
3741	972
3761	11371
3761	2599
3766	8304
3766	1482
3769	10985
3769	4017
3769	3637
3771	435
3771	2714
3771	615
3771	2536
3771	4393
3771	3205
3771	5429
3771	424
3774	1379
3774	4072
3777	8669
3785	3058
3785	197
3791	375
3791	4348
3791	10850
3793	3670
3793	7633
3798	2882
3798	410
3800	11871
3809	1174
3813	3834
3813	7988
3813	6112
3814	521
3814	5743
3815	8402
3821	7413
3821	8868
3829	1643
3829	11788
3837	2926
3844	2801
3849	11871
3850	1855
3850	4069
3851	11983
3851	11099
3851	6523
3851	6378
3853	9020
3853	11413
3853	9410
3853	9470
3853	5701
3853	3232
3853	2619
3854	436
3856	8209
3856	1154
3856	3250
3865	12023
3865	4137
3865	10142
3865	10683
3865	9800
3872	7413
3872	8868
3875	8484
3886	3309
3886	3231
3895	6803
3895	5147
3895	1036
3895	8973
3902	7160
3902	8825
3909	175
3913	7883
3913	5056
3921	7415
3921	9131
3922	7243
3922	3188
3923	9573
3923	9659
3923	3811
3929	7143
3932	8261
3942	7849
3942	8930
3945	7143
3947	7410
3953	3365
3956	10945
3956	1464
3961	5541
3961	7385
3964	5601
3966	536
3966	2840
3967	2087
3967	4191
3973	1359
3980	6976
3980	11206
3980	5109
3983	2882
3983	410
3989	4881
3989	7995
3989	3763
3992	7671
3992	3142
4012	1855
4012	4069
4015	6565
4016	7331
4020	2269
4020	6086
4020	4608
4024	2926
4030	677
4040	5309
4040	10669
4040	9971
4040	6087
4044	8618
4044	3944
4045	3048
4052	9653
4052	5240
4052	10360
4052	11917
4052	8267
4055	10912
4057	11795
4060	3824
4060	2010
4063	7532
4063	12032
4082	8220
4088	6525
4088	8084
4097	2151
4116	7331
4117	9573
4117	9659
4117	3811
4119	5309
4119	10669
4119	9971
4119	6087
4122	2863
4122	7030
4123	11793
4123	5148
4123	245
4124	6803
4124	5147
4124	1036
4124	8973
4131	3990
4134	6976
4134	11206
4134	5109
4147	12023
4147	4137
4147	10142
4147	10683
4147	9800
4155	3646
4155	4975
4157	1063
4157	9615
4169	8039
4169	2657
4169	3796
4174	5549
4179	6423
4185	7532
4185	12032
4190	3256
4190	6556
4190	2713
4193	7371
4194	11983
4194	11099
4194	6523
4194	6378
4211	9474
4213	667
4213	8252
4213	53
4213	3327
4213	5145
4221	6856
4236	8051
4236	11291
4243	3990
4250	2628
4267	1379
4267	4072
4274	1584
4274	9671
4280	1584
4280	9671
4282	9474
4305	6856
4310	8257
4310	4557
4311	11118
4311	11765
4311	9938
4316	4329
4316	98
4316	8932
4320	8304
4320	1482
4331	3745
4336	4093
4336	11779
4339	4906
4339	9490
4350	685
4350	11068
4350	6581
4354	11793
4354	5148
4354	245
4355	1300
4355	4464
4356	11785
4356	2235
4356	1827
4356	3982
4356	4340
4360	1346
4360	7475
4360	8896
4382	3517
4382	10291
4382	10719
4398	3904
4398	4342
4402	1952
4402	10958
4411	2301
4417	7371
4421	9020
4421	11413
4421	9410
4421	9470
4421	5701
4421	3232
4421	2619
4425	4673
4426	5541
4426	7385
4446	609
4446	9520
4446	12074
4446	11011
4452	1855
4452	4069
4458	7291
4463	8758
4471	8471
4473	4448
4473	10695
4481	6856
4488	2680
4491	1346
4491	7475
4491	8896
4494	11215
4497	7410
4500	11487
4501	8548
4504	6215
4504	9610
4504	9128
4510	4725
4510	4963
4514	2689
4514	2353
4516	6976
4516	11206
4516	5109
4537	1855
4537	4069
4544	9360
4544	1489
4563	11710
4563	5202
4572	10570
4572	898
4572	9157
4574	2680
4580	3309
4580	3231
4582	2863
4582	7030
4589	10459
4589	10301
4589	10249
4589	9201
4589	9775
4590	2926
4592	7727
4594	2391
4594	4465
4594	1506
4594	5628
4594	3330
4605	8471
4607	2863
4607	7030
4615	6240
4615	5073
4615	1735
4622	6423
4634	10945
4634	1464
4650	67
4651	4448
4651	10695
4653	2635
4653	4775
4653	7029
4662	8257
4662	4557
4672	6239
4672	619
4674	9529
4690	2863
4690	7030
4698	4678
4711	9360
4711	1489
4714	3824
4714	2010
4715	5746
4715	7045
4715	3987
4715	10650
4715	3701
4715	814
4715	2380
4715	11936
4716	6803
4716	5147
4716	1036
4716	8973
4722	524
4722	9108
4724	3824
4724	2010
4727	2882
4727	410
4731	7637
4731	301
4734	4448
4734	10695
4741	4946
4741	11800
4741	7316
4744	968
4748	8071
4756	7371
4762	9167
4762	8049
4762	6783
4763	1384
4768	538
4768	3480
4779	2926
4793	6525
4793	8084
4798	3517
4798	10291
4798	10719
4812	375
4812	4348
4812	10850
4819	1855
4819	4069
4820	1300
4820	4464
4827	7883
4827	5056
4829	11965
4841	6892
4841	11836
4843	12023
4843	4137
4843	10142
4843	10683
4843	9800
4847	5895
4847	9494
4855	6239
4855	619
4860	3109
4860	4648
4873	11871
4883	3889
4902	2801
4909	436
4912	558
4912	4010
4913	7808
4915	7415
4915	9131
4920	5727
4920	5062
4934	8618
4934	3944
4942	2486
4942	3197
4952	6128
4954	6639
4954	1904
4954	1441
4958	5288
4958	4964
4960	10159
4962	7371
4977	11890
4981	1723
4981	3015
4987	6976
4987	11206
4987	5109
4990	2087
4990	4191
4995	4233
4995	10308
4997	6002
4997	7436
4997	3579
4998	4726
4998	3187
5007	8071
5009	7883
5009	5056
5014	11274
5017	24
5017	2213
5017	9503
5023	9529
5029	6036
5029	3567
5039	1723
5039	3015
5046	7410
5051	8257
5051	4557
5053	1805
5053	10108
5053	6778
5053	6122
5055	538
5055	3480
5065	5706
5086	6015
5086	10948
5088	11710
5088	5202
5107	4511
5107	7389
5116	6838
5116	3959
5116	8513
5122	6525
5122	8084
5123	8675
5123	1761
5123	195
5125	7415
5125	9131
5127	1823
5127	6589
5127	8582
5128	9474
5136	5309
5136	10669
5136	9971
5136	6087
5141	9573
5141	9659
5141	3811
5142	3058
5142	197
5152	10090
5152	3812
5162	2628
5163	4725
5163	4963
5168	11156
5170	7373
5170	1483
5170	8101
5181	435
5181	2714
5181	615
5181	2536
5181	4393
5181	3205
5181	5429
5181	424
5184	9573
5184	9659
5184	3811
5198	5288
5198	4964
5210	10090
5210	3812
5250	1584
5250	9671
5256	1584
5256	9671
5266	3517
5266	10291
5266	10719
5272	10616
5272	8919
5272	5551
5301	7160
5301	8825
5308	1564
5308	9798
5327	7542
5327	7697
5327	6779
5331	435
5331	2714
5331	615
5331	2536
5331	4393
5331	3205
5331	5429
5331	424
5333	11764
5333	6758
5333	2232
5337	7410
5342	5541
5342	7385
5353	2680
5354	8484
5368	4678
5379	3070
5379	5791
5379	11367
5379	9085
5379	1563
5379	9694
5379	7585
5379	1784
5383	2863
5383	7030
5386	12077
5386	7403
5391	9474
5393	677
5397	6423
5398	3952
5398	11417
5398	1828
5398	11412
5403	9219
5403	7923
5403	1374
5408	9183
5409	1063
5409	9615
5412	7532
5412	12032
5413	9678
5413	838
5416	6091
5416	823
5416	1096
5416	1450
5418	536
5418	2840
5420	10616
5420	8919
5420	5551
5421	11047
5433	8051
5433	11291
5434	5601
5438	4138
5438	8562
5448	6036
5448	3567
5450	8471
5452	7410
5457	11531
5465	5706
5474	7741
5480	8412
5480	11347
5492	6976
5492	11206
5492	5109
5497	536
5497	2840
5499	3309
5499	3231
5510	1346
5510	7475
5510	8896
5513	3256
5513	6556
5513	2713
5517	4448
5517	10695
5525	3380
5526	1346
5526	7475
5526	8896
5533	11274
5539	6625
5539	8501
5539	1344
5545	7415
5545	9131
5547	4511
5547	7389
5561	1359
5580	10945
5580	1464
5583	9614
5583	11783
5583	2744
5587	2301
5592	2055
5596	274
5596	4110
5596	8977
5600	1379
5600	4072
5604	7382
5604	3292
5604	7679
5605	10159
5611	10964
5611	8099
5630	5849
5630	2973
5640	11371
5640	2599
5653	9894
5656	5746
5656	7045
5656	3987
5656	10650
5656	3701
5656	814
5656	2380
5656	11936
5657	6803
5657	5147
5657	1036
5657	8973
5659	4233
5659	10308
5660	7291
5661	6840
5666	3889
5667	11487
5672	2628
5674	1346
5674	7475
5674	8896
5686	1346
5686	7475
5686	8896
5687	8471
5693	11871
5694	8073
5702	3365
5707	6803
5707	5147
5707	1036
5707	8973
5716	8071
5724	8758
5729	7413
5729	8868
5744	1174
5758	9614
5758	11783
5758	2744
5777	67
5792	10161
5806	5309
5806	10669
5806	9971
5806	6087
5811	1643
5811	11788
5819	6639
5819	1904
5819	1441
5821	7413
5821	8868
5822	5187
5834	2680
5847	7691
5847	2778
5848	6332
5848	11898
5848	4754
5853	6625
5853	8501
5853	1344
5878	6625
5878	8501
5878	1344
5879	540
5907	2635
5907	4775
5907	7029
5908	1643
5908	11788
5924	1768
5924	2900
5929	3070
5929	5791
5929	11367
5929	9085
5929	1563
5929	9694
5929	7585
5929	1784
5931	5549
5935	6525
5935	8084
5937	10172
5937	11909
5940	67
5949	4233
5949	10308
5954	11965
5958	835
5958	2511
5958	8095
5965	8548
5973	6239
5973	619
5982	10933
5982	10290
5982	6184
5989	7127
5993	11247
5993	4217
5993	8321
6005	547
6005	8827
6006	7808
6010	67
6014	3309
6014	3231
6016	2269
6016	6086
6016	4608
6020	5541
6020	7385
6027	3906
6027	6028
6029	1823
6029	6589
6029	8582
6034	7808
6038	4444
6038	4694
6057	5849
6057	2973
6062	9219
6062	7923
6062	1374
6081	11371
6081	2599
6110	7727
6113	10964
6113	8099
6115	9894
6119	9614
6119	11783
6119	2744
6121	436
6124	5344
6124	3455
6151	7912
6153	6840
6156	1823
6156	6589
6156	8582
6160	4138
6160	8562
6165	1823
6165	6589
6165	8582
6166	5541
6166	7385
6187	3745
6194	1805
6194	10108
6194	6778
6194	6122
6202	8220
6216	10542
6219	2269
6219	6086
6219	4608
6221	10090
6221	3812
6223	8402
6231	4233
6231	10308
6233	1584
6233	9671
6245	8976
6258	6423
6262	7438
6296	1924
6296	5776
6313	10985
6313	4017
6313	3637
6323	8758
6330	8803
6330	5685
6331	1952
6331	10958
6338	4306
6338	2450
6338	5969
6338	2361
6344	7046
6344	8661
6344	11610
6360	12022
6360	6588
6360	7308
6371	3897
6371	6021
6371	7724
6379	10933
6379	10290
6379	6184
6381	3897
6381	6021
6381	7724
6384	3824
6384	2010
6388	11431
6388	5632
6388	8439
6396	7127
6399	7485
6413	10570
6413	898
6413	9157
6426	7438
6431	11118
6431	11765
6431	9938
6434	8257
6434	4557
6437	2391
6437	4465
6437	1506
6437	5628
6437	3330
6442	4502
6453	7410
6463	8669
6470	76
6472	7371
6492	7637
6492	301
6494	8749
6495	9529
6497	10912
6499	5797
6508	9167
6508	8049
6508	6783
6511	1308
6511	4268
6520	11487
6544	3380
6557	6423
6574	2928
6578	6838
6578	3959
6578	8513
6579	8071
6580	10810
6591	6240
6591	5073
6591	1735
6594	6332
6594	11898
6594	4754
6611	11118
6611	11765
6611	9938
6612	5541
6612	7385
6629	76
6630	3824
6630	2010
6631	11710
6631	5202
6634	12023
6634	4137
6634	10142
6634	10683
6634	9800
6636	11793
6636	5148
6636	245
6640	5746
6640	7045
6640	3987
6640	10650
6640	3701
6640	814
6640	2380
6640	11936
6645	5895
6645	9494
6657	10810
6670	6215
6670	9610
6670	9128
6671	2926
6676	24
6676	2213
6676	9503
6680	9573
6680	9659
6680	3811
6686	677
6689	6565
6690	7838
6700	1300
6700	4464
6712	2489
6713	3256
6713	6556
6713	2713
6717	4255
6719	11871
6727	12023
6727	4137
6727	10142
6727	10683
6727	9800
6731	3904
6731	4342
6744	3745
6748	2689
6748	2353
6751	4678
6759	11710
6759	5202
6761	11215
6765	8051
6765	11291
6769	7542
6769	7697
6769	6779
6775	9388
6775	4513
6795	8471
6802	11795
6809	11983
6809	11099
6809	6523
6809	6378
6815	2391
6815	4465
6815	1506
6815	5628
6815	3330
6823	10570
6823	898
6823	9157
6841	7331
6842	11487
6845	11983
6845	11099
6845	6523
6845	6378
6847	11795
6849	8464
6849	8182
6855	2635
6855	4775
6855	7029
6866	6976
6866	11206
6866	5109
6873	11983
6873	11099
6873	6523
6873	6378
6877	11840
6879	7331
6884	547
6884	8827
6885	6240
6885	5073
6885	1735
6893	9219
6893	7923
6893	1374
6900	2085
6914	1823
6914	6589
6914	8582
6916	2486
6916	3197
6917	2509
6917	7360
6928	5309
6928	10669
6928	9971
6928	6087
6930	11207
6930	7024
6936	259
6936	7602
6937	2926
6941	6240
6941	5073
6941	1735
6943	5849
6943	2973
6947	11207
6947	7024
6952	8220
6960	532
6962	11983
6962	11099
6962	6523
6962	6378
6995	7415
6995	9131
6996	5541
6996	7385
7015	117
7033	10964
7033	8099
7038	2846
7039	10964
7039	8099
7040	9653
7040	5240
7040	10360
7040	11917
7040	8267
7050	436
7051	1855
7051	4069
7057	8170
7070	9183
7076	5797
7085	435
7085	2714
7085	615
7085	2536
7085	4393
7085	3205
7085	5429
7085	424
7086	10654
7086	9122
7098	8943
7104	11215
7108	609
7108	9520
7108	12074
7108	11011
7122	7671
7122	3142
7124	8471
7135	9529
7144	8051
7144	11291
7148	6525
7148	8084
7155	6264
7156	7160
7156	8825
7161	1924
7161	5776
7177	5797
7179	4233
7179	10308
7192	3824
7192	2010
7194	5344
7194	3455
7195	11710
7195	5202
7210	4673
7255	2085
7264	8352
7264	6263
7267	4306
7267	2450
7267	5969
7267	2361
7272	4444
7272	4694
7274	8039
7274	2657
7274	3796
7275	9894
7282	10810
7292	7415
7292	9131
7307	3906
7307	6028
7322	8484
7337	835
7337	2511
7337	8095
7350	8464
7350	8182
7363	10810
7367	609
7367	9520
7367	12074
7367	11011
7378	11795
7388	1346
7388	7475
7388	8896
7392	1110
7392	2295
7416	9678
7416	838
7421	5187
7423	10985
7423	4017
7423	3637
7425	9219
7425	7923
7425	1374
7435	524
7435	9108
7439	8412
7439	11347
7444	3670
7444	7633
7462	9527
7472	4502
7489	1300
7489	4464
7493	677
7494	8209
7494	1154
7494	3250
7495	9020
7495	11413
7495	9410
7495	9470
7495	5701
7495	3232
7495	2619
7498	8471
7503	8051
7503	11291
7513	5706
7517	7849
7517	8930
7519	7883
7519	5056
7521	3904
7521	4342
7527	11118
7527	11765
7527	9938
7535	4448
7535	10695
7539	1584
7539	9671
7548	453
7551	9155
7551	10236
7551	6876
7554	2509
7554	7360
7557	2709
7562	10365
7562	9026
7566	12022
7566	6588
7566	7308
7575	5727
7575	5062
7587	11785
7587	2235
7587	1827
7587	3982
7587	4340
7589	11118
7589	11765
7589	9938
7594	1855
7594	4069
7605	8402
7618	2689
7618	2353
7646	6091
7646	823
7646	1096
7646	1450
7650	7415
7650	9131
7651	6625
7651	8501
7651	1344
7652	4678
7667	2628
7672	8675
7672	1761
7672	195
7687	11795
7693	5727
7693	5062
7696	11118
7696	11765
7696	9938
7710	7046
7710	8661
7710	11610
7712	8261
7713	685
7713	11068
7713	6581
7716	5727
7716	5062
7729	609
7729	9520
7729	12074
7729	11011
7743	8304
7743	1482
7745	6639
7745	1904
7745	1441
7756	6036
7756	3567
7761	5027
7761	11925
7771	7413
7771	8868
7778	4906
7778	9490
7779	2882
7779	410
7782	12023
7782	4137
7782	10142
7782	10683
7782	9800
7791	2391
7791	4465
7791	1506
7791	5628
7791	3330
7793	1180
7803	10090
7803	3812
7804	521
7804	5743
7814	6838
7814	3959
7814	8513
7815	3365
7820	6423
7824	2846
7825	6856
7830	558
7830	4010
7832	7291
7861	1564
7861	9798
7866	2486
7866	3197
7869	8803
7869	5685
7890	9474
7892	11247
7892	4217
7892	8321
7894	532
7895	4726
7895	3187
7904	11840
7930	3745
7947	8618
7947	3944
7950	8803
7950	5685
7973	4306
7973	2450
7973	5969
7973	2361
7978	3670
7978	7633
7979	540
7982	6856
7984	2639
7984	4568
7984	2496
7990	9653
7990	5240
7990	10360
7990	11917
7990	8267
7994	10912
8007	7019
8007	7133
8013	3952
8013	11417
8013	1828
8013	11412
8020	667
8020	8252
8020	53
8020	3327
8020	5145
8028	1021
8042	2490
8042	10389
8050	2489
8054	76
8062	4329
8062	98
8062	8932
8080	5601
8086	6332
8086	11898
8086	4754
8096	9020
8096	11413
8096	9410
8096	9470
8096	5701
8096	3232
8096	2619
8115	8749
8117	540
8120	5288
8120	4964
8122	1564
8122	9798
8128	10945
8128	1464
8139	2055
8142	12077
8142	7403
8148	1308
8148	4268
8149	10810
8154	10933
8154	10290
8154	6184
8172	11871
8179	2391
8179	4465
8179	1506
8179	5628
8179	3330
8183	3904
8183	4342
8185	9183
8186	1346
8186	7475
8186	8896
8195	835
8195	2511
8195	8095
8196	521
8196	5743
8204	12022
8204	6588
8204	7308
8243	175
8246	2869
8246	8259
8248	8257
8248	4557
8263	11983
8263	11099
8263	6523
8263	6378
8268	7143
8270	2928
8275	10459
8275	10301
8275	10249
8275	9201
8275	9775
8284	972
8285	10000
8285	9667
8290	6976
8290	11206
8290	5109
8300	7532
8300	12032
8303	7143
8308	2486
8308	3197
8309	67
8312	9614
8312	11783
8312	2744
8314	10570
8314	898
8314	9157
8340	11710
8340	5202
8353	259
8353	7602
8358	9982
8358	6861
8366	7691
8366	2778
8369	536
8369	2840
8373	11983
8373	11099
8373	6523
8373	6378
8380	6892
8380	11836
8385	9982
8385	6861
8398	11314
8398	2972
8398	11385
8414	5541
8414	7385
8417	8548
8419	8257
8419	4557
8434	538
8434	3480
8467	10933
8467	10290
8467	6184
8473	7808
8476	4444
8476	4694
8479	259
8479	7602
8481	2628
8488	10365
8488	9026
8489	1723
8489	3015
8496	2709
8500	5288
8500	4964
8507	7413
8507	8868
8510	7331
8511	4444
8511	4694
8519	7373
8519	1483
8519	8101
8526	3952
8526	11417
8526	1828
8526	11412
8529	9573
8529	9659
8529	3811
8538	436
8542	2269
8542	6086
8542	4608
8543	9894
8545	7808
8551	1174
8571	3906
8571	6028
8575	11531
8586	10912
8591	3834
8591	7988
8591	6112
8593	10172
8593	11909
8596	10570
8596	898
8596	9157
8599	6002
8599	7436
8599	3579
8600	8039
8600	2657
8600	3796
8606	1823
8606	6589
8606	8582
8607	8758
8610	9529
8626	538
8626	3480
8629	6239
8629	619
8637	6179
8637	6047
8638	536
8638	2840
8649	375
8649	4348
8649	10850
8650	667
8650	8252
8650	53
8650	3327
8650	5145
8652	9982
8652	6861
8655	11047
8656	7046
8656	8661
8656	11610
8670	76
8679	8119
8679	11720
8679	232
8681	6240
8681	5073
8681	1735
8683	10654
8683	9122
8686	11371
8686	2599
8697	6264
8708	1924
8708	5776
8710	1300
8710	4464
8713	67
8714	11965
8715	4678
8727	2680
8729	10496
8735	9529
8737	2151
8738	435
8738	2714
8738	615
8738	2536
8738	4393
8738	3205
8738	5429
8738	424
8744	2801
8747	547
8747	8827
8760	1300
8760	4464
8768	4502
8787	1863
8787	6046
8787	668
8791	3824
8791	2010
8797	11207
8797	7024
8812	9274
8850	5797
8859	7532
8859	12032
8872	6904
8876	10936
8881	1855
8881	4069
8889	8261
8892	11047
8906	7160
8906	8825
8916	10945
8916	1464
8925	2486
8925	3197
8927	2680
8939	6565
8946	6904
8953	5719
8953	1946
8959	521
8959	5743
8968	5601
8984	547
8984	8827
8985	3070
8985	5791
8985	11367
8985	9085
8985	1563
8985	9694
8985	7585
8985	1784
8987	11047
8999	540
9003	11675
9003	6711
9021	3517
9021	10291
9021	10719
9024	10365
9024	9026
9028	2509
9028	7360
9031	835
9031	2511
9031	8095
9035	9894
9036	8618
9036	3944
9042	10821
9042	6656
9050	1584
9050	9671
9053	3834
9053	7988
9053	6112
9066	1584
9066	9671
9071	972
9077	8071
9084	11531
9087	2801
9097	2709
9100	1359
9102	4502
9107	1379
9107	4072
9111	8669
9112	3256
9112	6556
9112	2713
9130	2391
9130	4465
9130	1506
9130	5628
9130	3330
9134	24
9134	2213
9134	9503
9147	6976
9147	11206
9147	5109
9154	1952
9154	10958
9156	9573
9156	9659
9156	3811
9168	558
9168	4010
9175	7410
9185	5691
9186	6904
9195	7671
9195	3142
9200	10570
9200	898
9200	9157
9204	2635
9204	4775
9204	7029
9207	6856
9217	9474
9218	9529
9224	8976
9228	7741
9238	8803
9238	5685
9241	667
9241	8252
9241	53
9241	3327
9241	5145
9243	10172
9243	11909
9248	524
9248	9108
9253	1379
9253	4072
9255	3906
9255	6028
9258	9219
9258	7923
9258	1374
9285	4329
9285	98
9285	8932
9289	9183
9299	1379
9299	4072
9307	558
9307	4010
9312	3990
9324	7382
9324	3292
9324	7679
9327	5849
9327	2973
9330	1300
9330	4464
9369	8471
9377	175
9379	4511
9379	7389
9389	3834
9389	7988
9389	6112
9390	2926
9394	11274
9397	6565
9399	10106
9399	967
9399	6050
9405	76
9407	76
9418	521
9418	5743
9436	6976
9436	11206
9436	5109
9438	7019
9438	7133
9443	6179
9443	6047
9444	4726
9444	3187
9446	6179
9446	6047
9449	11215
9458	540
9475	3048
9481	6091
9481	823
9481	1096
9481	1450
9485	1952
9485	10958
9502	10090
9502	3812
9511	8758
9535	2080
9535	6770
9536	10945
9536	1464
9540	2639
9540	4568
9540	2496
9545	11207
9545	7024
9548	1723
9548	3015
9549	10159
9552	5549
9554	7143
9560	524
9560	9108
9561	5541
9561	7385
9564	3904
9564	4342
9565	8675
9565	1761
9565	195
9566	6856
9571	117
9594	10106
9594	967
9594	6050
9597	2928
9600	2689
9600	2353
9601	7838
9609	8803
9609	5685
9618	10964
9618	8099
9654	9653
9654	5240
9654	10360
9654	11917
9654	8267
9656	11047
9661	7373
9661	1483
9661	8101
9672	6015
9672	10948
9682	2087
9682	4191
9687	968
9695	1671
9717	3092
9717	9073
9725	11207
9725	7024
9731	835
9731	2511
9731	8095
9738	8412
9738	11347
9742	10496
9746	8261
9754	11871
9756	10496
9758	8119
9758	11720
9758	232
9759	5691
9764	2709
9767	1110
9767	2295
9782	8220
9784	9653
9784	5240
9784	10360
9784	11917
9784	8267
9793	7382
9793	3292
9793	7679
9803	4531
9803	8622
9811	5344
9811	3455
9813	4233
9813	10308
9824	1379
9824	4072
9830	10542
9831	3309
9831	3231
9833	835
9833	2511
9833	8095
9840	9653
9840	5240
9840	10360
9840	11917
9840	8267
9841	10985
9841	4017
9841	3637
9854	3834
9854	7988
9854	6112
9867	7637
9867	301
9868	7438
9869	7637
9869	301
9873	547
9873	8827
9884	1379
9884	4072
9887	3904
9887	4342
9890	3646
9890	4975
9897	6838
9897	3959
9897	8513
9898	3256
9898	6556
9898	2713
9905	4329
9905	98
9905	8932
9923	8618
9923	3944
9937	7741
9939	9288
9941	2863
9941	7030
9942	558
9942	4010
9947	11710
9947	5202
9972	435
9972	2714
9972	615
9972	2536
9972	4393
9972	3205
9972	5429
9972	424
9975	883
9975	837
9987	2286
9995	8071
10004	538
10004	3480
10005	10912
10006	67
10013	11487
10020	2689
10020	2353
10032	5601
10039	11047
10055	12023
10055	4137
10055	10142
10055	10683
10055	9800
10066	9527
10069	10810
10072	4906
10072	9490
10088	2926
10103	6625
10103	8501
10103	1344
10113	6625
10113	8501
10113	1344
10119	1643
10119	11788
10120	8039
10120	2657
10120	3796
10134	8119
10134	11720
10134	232
10139	11371
10139	2599
10144	3365
10146	547
10146	8827
10171	6803
10171	5147
10171	1036
10171	8973
10174	9982
10174	6861
10177	3109
10177	4648
10182	11764
10182	6758
10182	2232
10183	667
10183	8252
10183	53
10183	3327
10183	5145
10197	7485
10206	1768
10206	2900
10207	7331
10213	11890
10226	7532
10226	12032
10238	5797
10240	2709
10243	6239
10243	619
10245	2151
10246	4725
10246	4963
10251	4673
10252	1063
10252	9615
10254	2286
10268	9653
10268	5240
10268	10360
10268	11917
10268	8267
10272	11531
10280	1021
10284	9894
10296	2639
10296	4568
10296	2496
10302	10459
10302	10301
10302	10249
10302	9201
10302	9775
10312	6332
10312	11898
10312	4754
10324	8209
10324	1154
10324	3250
10333	4444
10333	4694
10335	11785
10335	2235
10335	1827
10335	3982
10335	4340
10338	1768
10338	2900
10351	10985
10351	4017
10351	3637
10356	175
10359	436
10361	5187
10377	9013
10379	6625
10379	8501
10379	1344
10380	7808
10385	2869
10385	8259
10393	3517
10393	10291
10393	10719
10396	2639
10396	4568
10396	2496
10402	10159
10404	5849
10404	2973
10421	6892
10421	11836
10430	6525
10430	8084
10437	8209
10437	1154
10437	3250
10443	11274
10447	1564
10447	9798
10455	8073
10467	4906
10467	9490
10479	6904
10486	10912
10501	7838
10508	4329
10508	98
10508	8932
10509	12077
10509	7403
10521	2085
10526	3058
10526	197
10528	3058
10528	197
10530	3897
10530	6021
10530	7724
10532	6091
10532	823
10532	1096
10532	1450
10538	11871
10540	6892
10540	11836
10543	968
10549	9573
10549	9659
10549	3811
10552	11274
10555	1863
10555	6046
10555	668
10565	9529
10566	3670
10566	7633
10572	11047
10573	336
10573	177
10576	9653
10576	5240
10576	10360
10576	11917
10576	8267
10577	6892
10577	11836
10578	7160
10578	8825
10586	11371
10586	2599
10591	8399
10597	2391
10597	4465
10597	1506
10597	5628
10597	3330
10618	7373
10618	1483
10618	8101
10622	1379
10622	4072
10624	2080
10624	6770
10629	9894
10631	3824
10631	2010
10636	3824
10636	2010
10644	10936
10648	4233
10648	10308
10665	5095
10665	11915
10667	11531
10677	8402
10689	9573
10689	9659
10689	3811
10691	3834
10691	7988
10691	6112
10700	1855
10700	4069
10703	9529
10706	4726
10706	3187
10708	5746
10708	7045
10708	3987
10708	10650
10708	3701
10708	814
10708	2380
10708	11936
10710	1564
10710	9798
10711	524
10711	9108
10724	1384
10729	1174
10732	10964
10732	8099
10734	1768
10734	2900
10735	8484
10743	11047
10750	3904
10750	4342
10755	10161
10759	2926
10760	11314
10760	2972
10760	11385
10767	1855
10767	4069
10784	10365
10784	9026
10787	6838
10787	3959
10787	8513
10789	3070
10789	5791
10789	11367
10789	9085
10789	1563
10789	9694
10789	7585
10789	1784
10801	7373
10801	1483
10801	8101
10802	7883
10802	5056
10816	677
10818	11118
10818	11765
10818	9938
10827	2509
10827	7360
10828	1346
10828	7475
10828	8896
10835	10161
10842	5187
10858	11274
10859	10985
10859	4017
10859	3637
10864	7331
10873	9614
10873	11783
10873	2744
10874	7243
10874	3188
10875	9020
10875	11413
10875	9410
10875	9470
10875	5701
10875	3232
10875	2619
10877	9474
10879	968
10888	76
10898	8402
10909	11371
10909	2599
10939	1643
10939	11788
10940	10542
10941	9678
10941	838
10943	6838
10943	3959
10943	8513
10950	2628
10979	7019
10979	7133
10986	6838
10986	3959
10986	8513
10988	9894
10999	6332
10999	11898
10999	4754
11014	6639
11014	1904
11014	1441
11017	24
11017	2213
11017	9503
11055	8257
11055	4557
11057	6892
11057	11836
11070	7438
11075	6892
11075	11836
11077	6625
11077	8501
11077	1344
11086	8548
11092	8073
11093	968
11107	2269
11107	6086
11107	4608
11120	453
11125	11371
11125	2599
11162	2882
11162	410
11176	8257
11176	4557
11192	536
11192	2840
11197	6565
11201	11247
11201	4217
11201	8321
11203	2490
11203	10389
11217	4906
11217	9490
11219	9013
11222	11965
11223	1643
11223	11788
11228	7671
11228	3142
11238	5797
11239	10964
11239	8099
11252	175
11254	8758
11258	10964
11258	8099
11281	7532
11281	12032
11293	1174
11294	10945
11294	1464
11303	1308
11303	4268
11308	11932
11308	288
11308	9710
11313	11785
11313	2235
11313	1827
11313	3982
11313	4340
11319	8803
11319	5685
11329	1768
11329	2900
11331	5727
11331	5062
11335	12022
11335	6588
11335	7308
11336	6625
11336	8501
11336	1344
11343	3048
11344	8663
11344	4265
11348	10964
11348	8099
11349	8412
11349	11347
11360	8803
11360	5685
11395	5344
11395	3455
11405	8675
11405	1761
11405	195
11429	2087
11429	4191
11433	259
11433	7602
11437	4946
11437	11800
11437	7316
11461	7143
11468	6856
11479	4138
11479	8562
11482	6015
11482	10948
11488	6091
11488	823
11488	1096
11488	1450
11491	8257
11491	4557
11493	11890
11523	9155
11523	10236
11523	6876
11530	8675
11530	1761
11530	195
11538	11932
11538	288
11538	9710
11539	7019
11539	7133
11545	7331
11546	6332
11546	11898
11546	4754
11571	11983
11571	11099
11571	6523
11571	6378
11617	10912
11619	6423
11629	11531
11630	3670
11630	7633
11640	6565
11644	9678
11644	838
11646	7291
11668	11371
11668	2599
11672	835
11672	2511
11672	8095
11674	1346
11674	7475
11674	8896
11689	11207
11689	7024
11694	2628
11698	2863
11698	7030
11709	7691
11709	2778
11716	11710
11716	5202
11724	9388
11724	4513
11730	8170
11743	10161
11758	4448
11758	10695
11775	10810
11780	5549
11789	2080
11789	6770
11794	10090
11794	3812
11807	3309
11807	3231
11815	667
11815	8252
11815	53
11815	3327
11815	5145
11816	11247
11816	4217
11816	8321
11821	7532
11821	12032
11841	6838
11841	3959
11841	8513
11844	11274
11856	9474
11859	835
11859	2511
11859	8095
11861	7671
11861	3142
11867	8803
11867	5685
11873	11710
11873	5202
11875	7727
11876	1021
11878	2151
11881	3256
11881	6556
11881	2713
11895	8464
11895	8182
11896	3670
11896	7633
11897	10797
11914	1671
11923	1063
11923	9615
11924	4946
11924	11800
11924	7316
11928	9945
11928	4026
11929	9653
11929	5240
11929	10360
11929	11917
11929	8267
11933	11793
11933	5148
11933	245
11938	24
11938	2213
11938	9503
11941	8261
11943	3906
11943	6028
11946	532
11951	6332
11951	11898
11951	4754
11963	1346
11963	7475
11963	8896
11966	5849
11966	2973
11968	8352
11968	6263
11973	1564
11973	9798
11985	7415
11985	9131
11993	6892
11993	11836
12013	1564
12013	9798
12014	7143
12015	2863
12015	7030
12017	7808
12021	1174
12024	6838
12024	3959
12024	8513
12037	11793
12037	5148
12037	245
12045	4673
12053	10368
12053	775
12053	4400
12058	8758
12062	9013
12087	7637
12087	301
12091	9219
12091	7923
12091	1374
12095	6423
12098	8278
12098	3842
