1	9803
3	10818
3	8426
3	3043
3	2764
3	7589
3	3645
3	585
5	375
5	4348
5	10850
16	1621
16	18
26	7438
28	9527
46	3004
46	2025
46	3248
51	524
51	9108
66	9360
66	1489
69	3615
69	8373
69	6873
69	864
69	8263
69	6809
69	4194
74	7371
77	3904
77	4342
86	10013
86	5667
86	1066
86	1014
86	6520
96	8904
96	7903
96	10230
96	7001
96	6088
96	3047
96	47
96	7172
108	1823
108	6589
108	8582
110	11022
110	8057
124	3169
129	8213
129	486
129	3054
129	3717
130	4559
144	142
144	1160
144	7155
144	626
144	8697
144	264
158	2391
158	4465
158	1506
158	5628
158	3330
165	5565
165	9115
165	3021
171	5659
171	5949
171	10648
171	6231
171	8924
171	9813
191	9365
191	2483
209	11653
209	3911
209	10740
209	8227
209	7071
209	10761
209	7035
210	9167
210	8049
210	6783
242	4698
242	9916
242	8715
244	7335
244	7645
256	6910
260	10778
263	257
268	5965
268	4501
268	452
268	1630
268	2655
268	8417
269	5370
269	10988
269	1034
269	8543
269	7275
269	10284
281	412
293	10767
293	10700
293	3196
293	7051
293	4452
293	8881
293	4819
293	856
295	1469
295	10591
300	10977
302	10597
302	6815
302	2011
302	7791
302	3154
302	6437
302	1793
302	3564
302	8179
302	158
302	4594
302	9130
303	11810
303	3367
305	5343
305	6344
305	3459
305	7710
314	1286
314	10055
314	4147
314	3617
314	8029
314	3865
314	6727
330	10810
353	5344
353	3455
356	10312
356	8086
356	1977
356	11546
356	354
356	5848
356	6594
356	10999
374	6164
374	10023
389	1564
389	9798
416	4726
416	3187
420	8051
420	11291
425	2867
425	3490
430	2628
434	2081
434	9240
443	5168
443	332
446	11294
446	4634
446	3468
446	8128
446	9251
446	3956
449	453
454	7382
454	3292
454	7679
460	9474
473	9388
473	4513
478	1671
479	4519
479	858
479	265
480	365
483	8330
484	789
484	10547
484	4280
484	7539
484	9050
484	4274
492	2789
494	1584
494	9671
496	7415
496	9131
503	412
508	2306
512	9225
515	11764
515	6758
515	2232
531	2045
531	3475
546	10280
546	43
546	8028
549	11210
549	4579
549	544
561	2055
564	2912
564	878
564	4413
574	7712
574	2060
574	3932
574	11941
574	756
575	9770
575	1601
575	8139
576	2584
576	1990
576	10520
576	6895
579	11482
579	2734
579	9672
579	8806
579	5086
587	7371
588	7243
588	3188
589	591
593	6384
593	10631
593	2427
593	3310
593	4714
593	10091
593	2943
593	6630
593	8791
593	10636
598	5939
599	435
599	2714
599	615
599	2536
599	4393
599	3205
599	5429
599	424
610	890
610	9889
624	9982
624	6861
643	4656
643	299
643	1336
643	5561
648	8644
648	7262
648	11750
648	11830
655	8678
655	6039
656	6821
656	6690
656	10501
665	7890
665	4211
665	9217
665	10877
665	4282
665	1781
665	11856
671	2709
686	6048
690	123
690	3901
698	4862
698	11004
698	6661
703	1993
720	2286
734	8459
738	2085
760	7588
760	1021
771	3824
771	2010
782	3906
782	6028
795	3878
795	796
798	11156
820	2677
820	10756
820	2722
826	3109
826	4648
827	4521
836	6701
841	883
841	837
843	3622
843	1254
845	710
873	9148
875	8547
875	9837
885	11107
902	3897
902	6021
902	7724
911	4580
911	3886
911	146
911	9831
911	1107
911	10334
911	11807
911	553
911	5499
947	521
947	5743
952	7448
952	5942
953	2526
953	9566
953	3516
953	4481
953	1822
953	9207
963	968
979	1354
979	2079
979	10729
979	3317
979	8551
989	8261
990	4994
992	6859
1019	1359
1027	9854
1027	8591
1027	9389
1027	9053
1027	10691
1029	24
1029	2213
1029	9503
1039	2689
1039	2353
1077	2087
1077	4191
1084	3109
1084	4648
1102	4098
1102	2823
1102	7756
1102	3562
1103	6855
1103	3801
1103	5907
1108	2827
1117	76
1123	1565
1123	2094
1123	5085
1134	10172
1134	11909
1143	8209
1143	1154
1143	3250
1144	7956
1144	6266
1144	1141
1148	2539
1156	1308
1156	4268
1164	11431
1164	5632
1164	8439
1175	10528
1175	5142
1175	7254
1182	1180
1184	1185
1184	9744
1184	3175
1187	2863
1187	7030
1188	8366
1188	11709
1196	2470
1196	8116
1202	8669
1207	24
1207	2213
1207	9503
1216	5096
1216	246
1216	6358
1225	11840
1229	2597
1229	850
1229	10437
1229	2173
1234	7180
1234	1222
1256	10945
1256	1464
1258	9793
1260	1212
1260	4882
1272	7382
1272	3292
1272	7679
1274	8304
1274	1482
1279	1282
1280	4958
1280	8120
1280	1627
1280	4918
1280	8500
1280	168
1285	27
1285	5569
1285	9782
1285	1297
1285	6202
1288	8511
1288	10333
1288	5458
1298	234
1298	9937
1298	5474
1298	9228
1302	336
1302	177
1304	1245
1304	9739
1304	11626
1321	7849
1321	8930
1324	8402
1325	8352
1325	6263
1334	1621
1334	18
1347	1021
1347	7588
1348	10767
1348	10700
1348	3196
1348	7051
1348	4452
1348	8881
1348	4819
1348	856
1362	8209
1362	1154
1362	3250
1389	4906
1389	9490
1394	272
1394	7495
1394	1397
1394	8096
1394	347
1394	3853
1398	6215
1398	9610
1398	9128
1400	10677
1400	7605
1400	10898
1400	3815
1400	6223
1401	1399
1401	9830
1403	5379
1403	8985
1407	8073
1413	6002
1413	7436
1413	3579
1425	1379
1425	4072
1442	8758
1465	10936
1466	7295
1466	10992
1469	8399
1476	4127
1476	10890
1478	7295
1478	10992
1486	1863
1486	6046
1486	668
1487	12023
1487	4137
1487	10142
1487	10683
1487	9800
1493	6061
1493	1690
1493	11312
1511	8278
1511	3842
1526	7930
1526	6744
1526	702
1529	5470
1529	11074
1529	1635
1537	6892
1537	11836
1539	331
1539	1528
1545	5257
1545	3117
1567	4029
1567	8925
1567	8308
1567	4942
1567	2194
1570	7438
1594	2489
1595	5704
1599	5811
1599	11223
1599	1109
1599	10119
1599	10901
1606	250
1606	138
1634	4425
1634	1920
1634	10251
1640	9105
1640	334
1640	10390
1640	6982
1640	8569
1645	8330
1646	4006
1649	10161
1650	12077
1650	7403
1652	7845
1652	1041
1652	8138
1652	1042
1652	3434
1657	8628
1657	1350
1659	5020
1659	2364
1659	2029
1659	6563
1659	5316
1663	488
1689	6763
1697	2863
1697	7030
1710	2753
1710	10734
1710	10206
1710	10338
1711	9682
1711	1312
1711	1790
1713	8119
1713	11720
1713	232
1720	4977
1720	2975
1720	11958
1720	1867
1720	10213
1721	3070
1721	5791
1721	11367
1721	9085
1721	1563
1721	9694
1721	7585
1721	1784
1726	3919
1726	5655
1726	8980
1726	215
1726	6319
1726	5692
1729	5162
1729	8481
1729	11694
1729	5672
1729	7667
1734	7160
1734	8825
1739	2084
1739	7322
1752	6976
1752	11206
1752	5109
1769	1768
1769	2900
1783	704
1783	12016
1783	3647
1783	6960
1797	1863
1797	6046
1797	668
1807	883
1807	837
1819	7761
1836	7057
1836	4166
1836	11730
1845	9540
1845	10296
1845	7984
1858	4592
1858	3674
1858	6110
1858	2565
1861	3793
1861	11630
1861	7444
1861	7978
1866	4977
1866	2975
1866	11958
1866	1867
1866	10213
1872	1209
1872	1257
1872	3362
1872	1874
1882	1889
1882	1116
1882	9852
1884	7956
1884	6266
1884	1141
1890	4807
1890	7271
1890	11265
1898	7912
1918	6239
1918	619
1929	1048
1929	11539
1929	2462
1929	8007
1930	1059
1930	9137
1943	64
1953	6321
1964	6113
1964	10732
1964	1612
1964	9618
1964	9664
1964	11239
1968	2803
1974	10496
1985	558
1985	4010
1997	972
1999	11405
1999	7672
2002	8642
2002	11349
2002	7439
2002	9738
2007	8943
2008	7304
2019	7485
2021	3732
2022	6179
2022	6047
2026	2452
2028	2582
2052	3004
2052	2025
2052	3248
2058	5463
2058	11727
2063	8412
2063	11347
2071	5170
2071	3258
2071	6966
2071	10618
2075	8872
2075	10479
2075	9186
2083	890
2083	9889
2086	1185
2086	9744
2086	3175
2101	10570
2101	898
2101	9157
2102	223
2102	5931
2102	9552
2102	11780
2109	10312
2109	8086
2109	1977
2109	11546
2109	354
2109	5848
2109	6594
2109	10999
2144	3615
2144	8373
2144	6873
2144	864
2144	8263
2144	6809
2144	4194
2148	8831
2148	464
2148	7826
2150	3671
2155	847
2155	9947
2155	6631
2155	8340
2155	11873
2155	2154
2155	948
2155	7195
2155	5088
2158	2081
2158	9240
2163	10238
2163	6499
2168	2170
2177	3632
2177	4453
2177	11037
2178	11022
2178	8057
2190	2084
2190	7322
2193	4426
2193	3961
2193	6166
2193	6020
2193	5342
2193	2234
2193	6996
2208	609
2208	9520
2208	12074
2208	11011
2214	9020
2214	11413
2214	9410
2214	9470
2214	5701
2214	3232
2214	2619
2234	5541
2234	7385
2250	10257
2251	6795
2251	7124
2251	4471
2251	4605
2251	5687
2251	2249
2259	2680
2260	7727
2271	10238
2271	6499
2275	7828
2275	8748
2281	8729
2281	187
2281	1974
2281	9756
2282	11371
2282	2599
2284	6871
2287	8749
2307	3993
2312	4444
2312	4694
2319	11092
2319	5694
2319	1407
2319	10455
2319	1378
2334	704
2334	12016
2334	3647
2334	6960
2351	8521
2369	7283
2369	1250
2377	4725
2377	4963
2378	2080
2378	6770
2379	8508
2379	1714
2379	9696
2379	8915
2384	1358
2396	2301
2397	7542
2397	7697
2397	6779
2401	1193
2401	3913
2401	5009
2401	7519
2404	3732
2412	11431
2412	5632
2412	8439
2416	10810
2419	6840
2420	6012
2424	2466
2424	653
2424	6920
2424	7093
2426	9822
2445	1653
2445	2447
2445	11514
2474	4913
2474	10380
2474	1303
2474	6006
2474	1843
2474	844
2474	9745
2475	11710
2475	5202
2488	2489
2522	8220
2540	4915
2540	6995
2540	3134
2540	7292
2540	7650
2552	8644
2552	7262
2552	11750
2552	11830
2553	4448
2553	10695
2574	9793
2586	2581
2586	3605
2589	11929
2589	7040
2589	9654
2589	9840
2589	4052
2592	7838
2605	8714
2605	4829
2605	5954
2606	5719
2606	1946
2620	12062
2620	70
2620	11219
2625	9087
2625	6667
2625	8744
2629	2628
2630	8678
2630	6039
2654	3286
2654	12063
2654	11989
2655	8548
2662	27
2662	5569
2662	9782
2662	1297
2662	6202
2663	835
2663	2511
2663	8095
2665	11097
2665	7430
2665	10914
2676	48
2685	11572
2685	20
2685	11747
2688	4514
2688	1039
2688	1981
2688	10020
2696	6179
2696	6047
2697	4757
2711	6904
2719	10933
2719	10290
2719	6184
2745	10368
2745	775
2745	4400
2748	789
2748	10547
2748	4280
2748	7539
2748	9050
2748	4274
2751	10968
2751	3312
2751	12104
2751	9194
2751	3852
2754	2329
2754	739
2754	4041
2754	4336
2766	10005
2766	10561
2766	10486
2767	6623
2780	11371
2780	2599
2797	2887
2797	320
2797	3888
2799	5095
2799	11915
2812	7803
2812	10453
2812	5152
2812	5210
2815	704
2815	12016
2815	3647
2815	6960
2831	4320
2831	1274
2831	7743
2834	2882
2834	410
2841	10543
2841	10879
2841	9687
2841	4744
2845	11357
2847	9181
2847	8935
2847	7259
2847	3234
2851	9998
2851	2513
2854	8459
2874	272
2874	7495
2874	1397
2874	8096
2874	347
2874	3853
2875	2444
2875	1428
2876	2581
2876	3605
2886	677
2933	453
2945	2803
2954	1043
2954	7416
2954	1794
2964	8999
2964	3221
2970	1384
2974	9995
2974	4748
2983	6715
2983	5842
2983	7774
2994	436
3026	6686
3026	3278
3032	3671
3071	691
3071	624
3071	8385
3074	8526
3074	8013
3074	9679
3083	558
3083	4010
3090	5386
3090	1468
3097	8803
3097	5685
3104	10177
3110	2677
3110	10756
3110	2722
3112	10555
3112	8787
3112	3111
3116	1282
3128	1995
3131	6015
3131	10948
3144	7086
3144	2464
3144	11139
3144	8683
3145	7331
3148	8604
3148	11549
3148	10410
3148	2433
3148	6287
3148	9192
3148	2238
3148	1530
3148	1912
3148	4262
3163	11076
3163	7038
3163	7824
3179	5541
3179	7385
3201	6943
3201	1972
3201	10404
3201	11966
3201	6057
3201	5630
3201	3209
3202	10362
3202	9972
3202	3771
3202	5181
3202	7085
3215	6091
3215	823
3215	1096
3215	1450
3236	1211
3236	1966
3236	3239
3237	2882
3237	410
3244	8309
3244	10006
3244	2673
3254	1995
3265	9039
3276	5309
3276	10669
3276	9971
3276	6087
3279	7803
3279	10453
3279	5152
3279	5210
3280	9258
3280	6062
3280	5094
3280	12091
3280	5403
3280	7425
3285	9670
3285	8246
3293	4734
3293	112
3293	10602
3293	11758
3293	7535
3295	67
3322	8959
3322	2773
3322	3814
3322	11189
3322	8196
3322	9418
3322	3492
3339	210
3350	11207
3350	7024
3357	9678
3357	838
3364	1346
3364	7475
3364	8896
3373	1308
3373	4268
3392	3622
3392	1254
3396	3405
3400	1846
3400	2326
3409	11890
3411	4024
3411	6937
3411	3837
3411	3630
3415	1561
3415	4919
3415	9138
3415	11381
3421	3005
3422	2959
3467	6821
3467	6690
3467	10501
3485	667
3485	8252
3485	53
3485	3327
3485	5145
3508	4233
3508	10308
3520	11247
3520	4217
3520	8321
3525	11923
3525	10252
3525	5409
3525	7653
3525	4157
3525	2376
3526	3575
3535	48
3545	8526
3545	8013
3545	9679
3547	6856
3555	5691
3557	4158
3557	2814
3561	9670
3561	8246
3563	4024
3563	6937
3563	3837
3563	3630
3571	9039
3574	3670
3574	7633
3590	3331
3590	4140
3592	5187
3594	11487
3604	541
3604	429
3604	6118
3604	639
3604	4206
3605	3380
3610	7671
3610	3142
3626	3624
3626	3520
3626	11201
3628	11785
3628	2235
3628	1827
3628	3982
3628	4340
3630	2926
3634	1846
3634	2326
3644	5811
3644	11223
3644	1109
3644	10119
3644	10901
3655	1383
3655	4576
3655	3576
3655	3488
3655	985
3655	11772
3655	6238
3666	8402
3674	7727
3676	5746
3676	7045
3676	3987
3676	10650
3676	3701
3676	814
3676	2380
3676	11936
3695	11847
3695	3694
3695	5136
3695	481
3695	5806
3695	4119
3724	7304
3738	8968
3738	2905
3738	3964
3738	5434
3738	421
3738	3737
3757	5706
3762	5020
3762	2364
3762	2029
3762	6563
3762	5316
3790	3793
3790	11630
3790	7444
3790	7978
3801	2635
3801	4775
3801	7029
3804	4673
3816	10320
3816	8641
3825	5792
3825	10755
3825	10835
3833	3309
3833	3231
3835	4138
3835	8562
3839	3995
3839	12098
3839	865
3840	9087
3840	6667
3840	8744
3841	1193
3841	3913
3841	5009
3841	7519
3848	9711
3848	7284
3858	9564
3858	77
3858	2703
3858	2521
3858	10750
3858	8183
3866	3889
3903	1583
3903	4883
3903	5666
3910	6625
3910	8501
3910	1344
3918	1671
3920	8521
3926	1587
3928	7283
3928	1250
3930	835
3930	2511
3930	8095
3950	1212
3950	4882
3955	11929
3955	7040
3955	9654
3955	9840
3955	4052
3972	10280
3972	43
3972	8028
3985	3286
3985	12063
3985	11989
3995	8278
3995	3842
4006	4881
4006	7995
4006	3763
4014	550
4014	6632
4029	2486
4029	3197
4034	9147
4034	2257
4034	8454
4034	5492
4034	1589
4034	3980
4034	4134
4034	9436
4039	7735
4039	10990
4041	4093
4041	11779
4048	6542
4048	9042
4049	6856
4050	3048
4053	9941
4053	4690
4053	909
4053	1697
4053	4122
4053	4582
4053	11698
4059	11257
4065	5816
4068	1855
4068	4069
4074	2042
4074	4996
4074	1859
4086	10818
4086	8426
4086	3043
4086	2764
4086	7589
4086	3645
4086	585
4087	6330
4087	11360
4087	11319
4087	9609
4087	11867
4094	3769
4094	11123
4094	10859
4094	7423
4094	6313
4098	6036
4098	3567
4104	11461
4104	12014
4104	8268
4104	3945
4104	1658
4108	933
4108	8398
4108	10760
4108	7884
4114	50
4114	2982
4114	9834
4126	10177
4129	9854
4129	8591
4129	9389
4129	9053
4129	10691
4166	8170
4170	4906
4170	9490
4178	365
4183	3906
4183	6028
4186	1265
4186	11668
4186	10586
4186	2780
4186	8686
4186	5640
4198	6855
4198	3801
4198	5907
4208	9013
4210	3849
4210	4873
4210	6719
4210	2623
4210	5693
4216	6380
4223	2689
4223	2353
4225	2525
4225	3376
4240	10964
4240	8099
4242	1354
4242	2079
4242	10729
4242	3317
4242	8551
4251	4312
4259	6002
4259	7436
4259	3579
4264	8366
4264	11709
4269	142
4269	1160
4269	7155
4269	626
4269	8697
4269	264
4279	5937
4279	9243
4279	8593
4323	8943
4327	7092
4337	11274
4352	550
4352	6632
4365	2846
4378	6429
4378	9101
4378	4377
4378	2057
4378	8437
4378	5511
4389	10977
4390	547
4390	8827
4394	9013
4401	7737
4401	10817
4401	1716
4423	7180
4423	1222
4431	7875
4431	6603
4431	5728
4438	5416
4438	9467
4438	7646
4438	2171
4438	966
4442	9998
4442	2513
4460	2526
4460	9566
4460	3516
4460	4481
4460	1822
4460	9207
4489	4580
4489	3886
4489	146
4489	9831
4489	1107
4489	10334
4489	11807
4489	553
4489	5499
4509	6830
4512	1677
4512	95
4517	8087
4526	290
4526	3757
4526	1292
4526	441
4526	7513
4528	9711
4528	7284
4546	76
4548	4592
4548	3674
4548	6110
4548	2565
4553	3505
4553	1925
4586	8959
4586	2773
4586	3814
4586	11189
4586	8196
4586	9418
4586	3492
4588	11683
4588	3931
4588	9621
4591	210
4598	11943
4598	3616
4598	1744
4598	782
4598	6027
4601	10013
4601	5667
4601	1066
4601	1014
4601	6520
4628	10542
4636	2208
4636	7108
4636	7367
4636	4446
4644	6645
4654	8399
4655	10368
4655	775
4655	4400
4656	1359
4661	11107
4667	7462
4667	28
4671	4673
4707	7737
4707	10817
4707	1716
4718	613
4718	10655
4718	5512
4728	2539
4730	6048
4732	9614
4732	11783
4732	2744
4735	3351
4735	4691
4735	4679
4745	6838
4745	3959
4745	8513
4764	6795
4764	7124
4764	4471
4764	4605
4764	5687
4764	2249
4789	11841
4789	2175
4789	6578
4789	12024
4789	10787
4789	7814
4789	9897
4797	10708
4797	6640
4797	201
4797	2067
4802	4029
4802	8925
4802	8308
4802	4942
4802	2194
4808	11437
4818	8618
4818	3944
4825	12022
4825	6588
4825	7308
4835	3849
4835	4873
4835	6719
4835	2623
4835	5693
4837	2959
4845	4952
4845	2890
4845	9964
4849	591
4854	142
4854	1160
4854	7155
4854	626
4854	8697
4854	264
4857	1358
4861	11047
4865	5470
4865	11074
4865	1635
4868	2637
4868	2354
4868	11861
4868	11228
4868	3078
4868	7122
4876	6735
4876	5863
4893	2301
4894	8797
4894	9545
4894	1113
4894	6947
4894	6930
4899	11795
4910	4139
4910	6186
4910	2559
4910	1058
4918	5288
4918	4964
4921	1561
4921	4919
4921	9138
4921	11381
4929	11423
4929	3684
4938	6264
4943	8735
4943	9478
4943	5023
4943	9218
4943	4674
4943	10703
4944	2151
4956	5849
4956	2973
4959	3670
4959	7633
4970	11118
4970	11765
4970	9938
4974	223
4974	5931
4974	9552
4974	11780
5008	584
5008	9477
5008	5006
5018	6735
5018	5863
5025	4337
5025	1765
5025	5014
5026	4117
5026	3923
5026	9156
5034	2134
5034	2979
5034	11006
5047	4824
5047	11506
5047	10766
5047	3498
5047	5058
5047	7508
5047	3702
5047	3454
5052	9258
5052	6062
5052	5094
5052	12091
5052	5403
5052	7425
5071	8675
5071	1761
5071	195
5087	11482
5087	2734
5087	9672
5087	8806
5087	5086
5094	9219
5094	7923
5094	1374
5097	10797
5101	2486
5101	3197
5104	6331
5104	9485
5110	3405
5124	5386
5124	1468
5126	4734
5126	112
5126	10602
5126	11758
5126	7535
5134	6599
5134	7235
5134	8659
5143	10717
5155	3745
5165	5170
5165	3258
5165	6966
5165	10618
5178	11923
5178	10252
5178	5409
5178	7653
5178	4157
5178	2376
5180	9573
5180	9659
5180	3811
5188	8122
5188	12013
5188	10710
5189	5187
5194	3058
5194	197
5206	4952
5206	2890
5206	9964
5209	1643
5209	11788
5218	1399
5218	9830
5224	6005
5224	2813
5224	8747
5224	10146
5238	5421
5238	8655
5238	1970
5238	8892
5238	10039
5238	3087
5238	8987
5238	2261
5241	5619
5241	9139
5241	5332
5241	11791
5241	5961
5243	336
5243	177
5244	4855
5244	5973
5244	4672
5244	8427
5247	613
5247	10655
5247	5512
5248	2854
5248	3204
5249	9936
5281	4404
5281	11008
5284	4958
5284	8120
5284	1627
5284	4918
5284	8500
5284	168
5292	5370
5292	10988
5292	1034
5292	8543
5292	7275
5292	10284
5299	8696
5299	10370
5299	1531
5328	10161
5339	9614
5339	11783
5339	2744
5343	7046
5343	8661
5343	11610
5357	2639
5357	1845
5357	4568
5357	2496
5358	4511
5358	7389
5369	10459
5369	10301
5369	10249
5369	9201
5369	9775
5370	9894
5373	9379
5373	5107
5381	3589
5381	3361
5381	2805
5410	7741
5417	2827
5430	6639
5430	1904
5430	1441
5440	9443
5440	8637
5440	2696
5445	11076
5445	7038
5445	7824
5454	540
5458	4444
5458	4694
5476	8663
5476	4265
5477	3380
5496	9936
5505	10159
5509	6713
5509	5513
5509	11881
5509	934
5509	4190
5509	3348
5522	9183
5544	1805
5544	10108
5544	6778
5544	6122
5548	3171
5548	3665
5569	8220
5570	4559
5571	5729
5571	5821
5571	3872
5571	8507
5571	3100
5571	3821
5571	1916
5576	4615
5576	6885
5576	2479
5576	6941
5576	6368
5576	1364
5584	2306
5586	9527
5591	9024
5591	8488
5591	10784
5591	10384
5621	1536
5621	3168
5624	10467
5643	1264
5643	1232
5643	6228
5646	365
5662	4158
5662	2814
5669	7048
5675	10555
5675	8787
5675	3111
5677	8484
5696	4954
5696	5819
5696	7745
5696	700
5709	290
5709	3757
5709	1292
5709	441
5709	7513
5711	10000
5711	9667
5712	5782
5712	1615
5712	9094
5712	383
5712	855
5715	6840
5731	5895
5731	9494
5736	6423
5739	1583
5739	4883
5739	5666
5751	11203
5751	2743
5760	257
5763	5601
5787	5344
5787	3455
5796	3995
5796	12098
5796	865
5805	67
5817	259
5817	7602
5824	10842
5824	7421
5824	5822
5864	9224
5864	2253
5875	10402
5875	4960
5880	10325
5889	10362
5889	9972
5889	3771
5889	5181
5889	7085
5902	4514
5902	1039
5902	1981
5902	10020
5914	2444
5914	1428
5915	547
5915	8827
5922	8758
5926	6943
5926	1972
5926	10404
5926	11966
5926	6057
5926	5630
5926	3209
5945	740
5945	4044
5945	4934
5957	4981
5957	5039
5957	9298
5957	1722
5980	677
6003	10090
6003	3812
6003	11872
6004	538
6004	3480
6011	4447
6024	1924
6024	5776
6030	9225
6037	10542
6044	6645
6048	685
6048	11068
6048	6581
6051	7144
6051	4236
6051	3448
6054	4306
6054	2450
6054	5969
6054	2361
6058	4678
6064	7551
6064	6130
6064	11523
6066	1264
6066	1232
6066	6228
6078	1653
6078	2447
6078	11514
6085	5027
6085	11925
6100	6557
6100	5397
6100	4622
6100	1032
6100	4179
6100	7820
6100	6258
6100	6200
6100	12095
6103	5257
6103	3117
6130	9155
6130	10236
6130	6876
6137	3331
6137	4140
6138	7761
6140	7363
6140	6580
6140	7282
6140	6657
6140	791
6140	2416
6142	4463
6142	1442
6155	11968
6178	3155
6178	6463
6178	9111
6180	4025
6180	4971
6180	1758
6180	103
6180	10748
6200	6423
6206	1610
6206	423
6206	9951
6206	9355
6211	2694
6211	9009
6211	3345
6213	6525
6213	8084
6222	3819
6222	7034
6222	669
6222	5781
6222	3750
6225	7143
6230	8352
6230	6263
6232	11764
6232	6758
6232	2232
6236	3919
6236	5655
6236	8980
6236	215
6236	6319
6236	5692
6257	11793
6257	5148
6257	245
6260	10402
6260	4960
6268	8860
6268	11295
6268	6852
6307	4063
6307	4185
6307	10226
6311	6240
6311	5073
6311	1735
6315	6321
6326	3509
6326	10379
6326	2849
6326	11077
6326	5539
6334	9894
6345	1723
6345	3015
6348	3628
6348	2738
6348	4356
6348	405
6362	2466
6362	653
6362	6920
6362	7093
6368	6240
6368	5073
6368	1735
6376	10530
6376	6371
6376	902
6383	3628
6383	2738
6383	4356
6383	405
6389	4123
6389	12037
6389	4354
6398	1329
6398	3607
6414	2512
6418	8599
6433	536
6433	2840
6435	1993
6438	2391
6438	4465
6438	1506
6438	5628
6438	3330
6440	2881
6440	1215
6440	6442
6446	5601
6447	8484
6469	1434
6469	2062
6469	6629
6469	6470
6469	9405
6469	10888
6479	10049
6487	1110
6487	2295
6502	10933
6502	10290
6502	6184
6505	9162
6505	10937
6507	7883
6507	5056
6524	7350
6524	6849
6524	10063
6524	1090
6534	8045
6534	3167
6536	7350
6536	6849
6536	10063
6536	1090
6542	10821
6542	6656
6549	4953
6549	7480
6558	3256
6558	6556
6558	2713
6572	5792
6572	10755
6572	10835
6584	4488
6584	5834
6584	2747
6584	4574
6584	2394
6597	2325
6597	6936
6597	8479
6597	5817
6597	8353
6615	8312
6615	10873
6615	2741
6615	5758
6615	4732
6615	6119
6615	995
6622	1683
6622	3832
6622	9844
6626	1211
6626	1966
6626	3239
6633	11959
6633	3129
6637	5729
6637	5821
6637	3872
6637	8507
6637	3100
6637	3821
6637	1916
6646	2801
6648	10687
6648	11073
6658	7363
6658	6580
6658	7282
6658	6657
6658	791
6658	2416
6659	620
6659	2287
6667	2801
6678	6128
6687	5849
6687	2973
6692	4731
6692	12087
6692	9869
6692	3166
6692	2551
6692	7858
6694	274
6694	4110
6694	8977
6697	10172
6697	11909
6702	5549
6710	6763
6717	9945
6717	4026
6730	10883
6730	5536
6734	6830
6739	5457
6739	2515
6739	10272
6739	1120
6742	2869
6742	8259
6752	6384
6752	10631
6752	2427
6752	3310
6752	4714
6752	10091
6752	2943
6752	6630
6752	8791
6752	10636
6763	11675
6763	6711
6772	5463
6772	11727
6773	10000
6773	9667
6786	4994
6787	10543
6787	10879
6787	9687
6787	4744
6789	2034
6789	9134
6789	6676
6789	11938
6792	8669
6799	5242
6806	588
6806	3297
6806	10874
6810	5746
6810	7045
6810	3987
6810	10650
6810	3701
6810	814
6810	2380
6810	11936
6821	7838
6835	11943
6835	3616
6835	1744
6835	782
6835	6027
6844	11405
6844	7672
6850	2994
6850	6121
6857	1823
6857	6589
6857	8582
6862	1997
6862	8284
6862	3741
6865	2378
6865	9535
6865	2583
6902	6904
6905	3505
6905	1925
6913	331
6913	1528
6921	2034
6921	9134
6921	6676
6921	11938
6938	4615
6938	6885
6938	2479
6938	6941
6938	6368
6938	1364
6951	4213
6951	8235
6951	10183
6955	4855
6955	5973
6955	4672
6955	8427
6966	7373
6966	1483
6966	8101
6967	2912
6967	878
6967	4413
6970	9982
6970	6861
6973	11965
6974	9147
6974	2257
6974	8454
6974	5492
6974	1589
6974	3980
6974	4134
6974	9436
6977	11959
6977	3129
6981	7448
6981	5942
6987	9717
6987	9117
6990	12077
6990	7403
6998	2789
7048	1805
7048	10108
7048	6778
7048	6122
7052	11210
7052	4579
7052	544
7060	5704
7061	7048
7064	8904
7064	7903
7064	10230
7064	7001
7064	6088
7064	3047
7064	47
7064	7172
7077	3509
7077	10379
7077	2849
7077	11077
7077	5539
7094	6330
7094	11360
7094	11319
7094	9609
7094	11867
7114	10365
7114	9026
7120	2984
7120	466
7120	1801
7120	2377
7120	4510
7129	4731
7129	12087
7129	9869
7129	3166
7129	2551
7129	7858
7137	8471
7154	8760
7154	7489
7154	3096
7154	169
7154	6700
7163	1997
7163	8284
7163	3741
7164	5619
7164	9139
7164	5332
7164	11791
7164	5961
7191	3952
7191	11417
7191	1828
7191	11412
7211	7410
7212	375
7212	4348
7212	10850
7222	7551
7222	6130
7222	11523
7229	5727
7229	5062
7230	3819
7230	7034
7230	669
7230	5781
7230	3750
7237	8696
7237	10370
7237	1531
7244	4531
7244	8622
7247	9540
7247	5357
7247	10296
7247	7984
7249	7462
7249	28
7254	3058
7254	197
7257	9181
7257	8935
7257	7259
7257	3234
7278	10687
7278	11073
7283	10106
7283	967
7283	6050
7286	3731
7286	51
7286	10711
7286	9560
7286	7435
7286	4722
7288	7712
7288	2060
7288	3932
7288	11941
7288	756
7303	9388
7303	4513
7309	12022
7309	6588
7309	7308
7323	541
7323	429
7323	6118
7323	639
7323	4206
7325	1245
7325	9739
7325	11626
7336	6380
7353	9717
7353	9117
7356	6712
7356	2016
7356	8050
7364	1768
7364	2900
7372	89
7372	7369
7374	11156
7376	1613
7376	7895
7376	9444
7377	10257
7386	4360
7386	5686
7386	8186
7386	7873
7386	11674
7386	7388
7386	11963
7395	10985
7395	4017
7395	3637
7398	1265
7398	11668
7398	10586
7398	2780
7398	8686
7398	5640
7404	6434
7404	11491
7404	11055
7404	11176
7404	4310
7404	8329
7409	7532
7409	12032
7414	10842
7414	7421
7414	5822
7420	8568
7422	1610
7422	423
7422	9951
7422	9355
7427	9105
7427	334
7427	10390
7427	6982
7427	8569
7428	2331
7432	4757
7456	11956
7456	3736
7457	2331
7463	4097
7463	7636
7463	8737
7463	11878
7463	949
7463	1717
7463	10245
7464	5963
7464	5011
7464	11803
7464	4493
7465	7532
7465	12032
7476	888
7477	4953
7477	7480
7479	8434
7479	10004
7479	4768
7479	8626
7481	6399
7481	10516
7490	11395
7490	1015
7490	7194
7490	6124
7496	8675
7496	1761
7496	195
7505	11376
7505	11763
7506	12088
7522	2563
7522	6388
7530	11343
7530	4045
7530	9475
7543	7331
7545	7548
7556	7554
7556	6917
7558	3835
7558	11479
7574	5708
7574	10200
7606	4981
7606	5039
7606	9298
7606	1722
7611	4127
7611	10890
7620	2635
7620	4775
7620	7029
7624	12053
7624	2745
7625	2452
7631	10797
7636	2151
7638	6715
7638	5842
7638	7774
7639	8071
7653	1063
7653	9615
7654	557
7654	11199
7654	6613
7654	10753
7661	2429
7661	10505
7663	9564
7663	77
7663	2703
7663	2521
7663	10750
7663	8183
7665	4124
7665	5707
7665	5657
7665	10171
7665	3895
7670	7875
7670	6603
7670	5728
7674	2268
7688	4521
7705	3282
7705	9736
7715	1952
7715	10958
7733	3745
7740	4946
7740	11800
7740	7316
7758	9540
7758	5357
7758	10296
7758	7984
7763	10864
7763	4116
7763	7543
7763	380
7768	10530
7768	6371
7768	902
7784	11461
7784	12014
7784	8268
7784	3945
7784	1658
7805	1174
7807	3048
7827	2709
7840	8464
7840	8182
7842	4234
7842	11628
7842	1126
7858	7637
7858	301
7865	11932
7865	288
7865	9710
7872	11092
7872	5694
7872	1407
7872	10455
7872	1378
7873	1346
7873	7475
7873	8896
7874	3834
7874	7988
7874	6112
7884	11314
7884	2972
7884	11385
7886	7741
7898	3351
7898	4691
7898	4679
7900	2753
7900	10734
7900	10206
7900	10338
7910	2867
7910	3490
7911	824
7911	1898
7911	6151
7911	2756
7928	2170
7929	4881
7929	7995
7929	3763
7932	2984
7932	466
7932	1801
7932	2377
7932	4510
7944	5706
7961	1613
7961	7895
7961	9444
7968	10616
7968	8919
7968	5551
7970	4488
7970	5834
7970	2747
7970	4574
7970	2394
8001	436
8006	3155
8006	6463
8006	9111
8024	6565
8029	12023
8029	4137
8029	10142
8029	10683
8029	9800
8037	6701
8038	11135
8041	8039
8041	2657
8041	3796
8043	2392
8043	7156
8043	1393
8043	10578
8053	7019
8053	7133
8068	8045
8068	3167
8070	9678
8070	838
8079	9020
8079	11413
8079	9410
8079	9470
8079	5701
8079	3232
8079	2619
8085	8126
8085	10393
8088	11703
8088	1351
8088	5609
8098	50
8098	2982
8098	9834
8110	1174
8123	4093
8123	11779
8126	3517
8126	10291
8126	10719
8135	2045
8135	3475
8150	10182
8152	3373
8152	8148
8156	8604
8156	11549
8156	10410
8156	2433
8156	6287
8156	9192
8156	2238
8156	1530
8156	1912
8156	4262
8163	1852
8163	11308
8190	11252
8190	8243
8190	9377
8190	3385
8192	117
8197	9803
8198	262
8198	9649
8198	10422
8215	7291
8225	5797
8229	11847
8229	3694
8229	5136
8229	481
8229	5806
8229	4119
8231	10677
8231	7605
8231	10898
8231	3815
8231	6223
8235	667
8235	8252
8235	53
8235	3327
8235	5145
8239	8618
8239	3944
8245	11785
8245	2235
8245	1827
8245	3982
8245	4340
8247	9770
8247	1601
8247	8139
8258	447
8258	1698
8262	5691
8276	824
8276	1898
8276	6151
8276	2756
8281	2731
8281	9307
8281	7830
8281	1985
8281	4912
8286	3686
8286	3002
8288	7143
8293	2296
8293	2054
8293	6487
8298	7912
8302	847
8302	9947
8302	6631
8302	8340
8302	11873
8302	2154
8302	948
8302	7195
8302	5088
8311	8309
8311	10006
8311	2673
8317	8314
8317	2807
8317	4572
8317	8596
8317	9200
8317	928
8317	6413
8329	8257
8329	4557
8333	4246
8345	7845
8345	1041
8345	8138
8345	1042
8345	3434
8374	1564
8374	9798
8375	4131
8375	1766
8378	1593
8378	9689
8378	5952
8378	3566
8378	5734
8383	691
8383	624
8383	8385
8393	4698
8393	9916
8393	8715
8395	4531
8395	8622
8406	9653
8406	5240
8406	10360
8406	11917
8406	8267
8408	11675
8408	6711
8410	6331
8410	9485
8425	5939
8426	11118
8426	11765
8426	9938
8427	6239
8427	619
8432	10597
8432	6815
8432	2011
8432	7791
8432	3154
8432	6437
8432	1793
8432	3564
8432	8179
8432	158
8432	4594
8432	9130
8435	2216
8435	11285
8446	6215
8446	9610
8446	9128
8454	6976
8454	11206
8454	5109
8457	7413
8457	8868
8494	2325
8494	6936
8494	8479
8494	5817
8494	8353
8498	9285
8498	9905
8498	9076
8498	4316
8499	1398
8499	2806
8522	11572
8522	20
8522	11747
8523	4267
8523	5600
8523	11798
8523	9299
8523	3774
8523	729
8523	9824
8523	9107
8523	10622
8524	5963
8524	5011
8524	11803
8524	4493
8525	4871
8528	3092
8528	9073
8552	9995
8552	4748
8557	3897
8557	6021
8557	7724
8567	3769
8567	11123
8567	10859
8567	7423
8567	6313
8588	11710
8588	5202
8589	1209
8589	1257
8589	3362
8589	1874
8592	6803
8592	5147
8592	1036
8592	8973
8594	8547
8594	9837
8595	3889
8616	89
8616	7369
8633	4458
8633	11646
8633	8215
8633	7832
8640	8369
8640	3966
8640	727
8640	8638
8640	5418
8642	8412
8642	11347
8658	8968
8658	2905
8658	3964
8658	5434
8658	421
8658	3737
8672	8663
8672	4265
8685	2490
8685	10389
8687	10320
8687	8641
8691	10450
8691	6246
8691	10491
8695	1043
8695	7416
8695	1794
8703	8051
8703	11291
8750	11683
8750	3931
8750	9621
8751	620
8751	2287
8755	7808
8756	8039
8756	2657
8756	3796
8761	4117
8761	3923
8761	9156
8766	4954
8766	5819
8766	7745
8766	700
8773	8511
8773	10333
8773	5458
8777	7542
8777	7697
8777	6779
8780	2286
8784	5379
8784	8985
8786	4656
8786	299
8786	1336
8786	5561
8799	8797
8799	9545
8799	1113
8799	6947
8799	6930
8806	6015
8806	10948
8815	8831
8815	464
8815	7826
8819	4097
8819	7636
8819	8737
8819	11878
8819	949
8819	1717
8819	10245
8821	8628
8821	1350
8823	3070
8823	5791
8823	11367
8823	9085
8823	1563
8823	9694
8823	7585
8823	1784
8824	7160
8824	8825
8835	2994
8835	6121
8853	6871
8854	6910
8866	7413
8866	8868
8886	1855
8886	4069
8900	11203
8900	2743
8909	7127
8912	8568
8914	9529
8918	8369
8918	3966
8918	727
8918	8638
8918	5418
8924	4233
8924	10308
8926	4124
8926	5707
8926	5657
8926	10171
8926	3895
8929	12060
8929	7170
8929	994
8944	1110
8944	2295
8957	6360
8957	8204
8957	11335
8960	11215
8962	3993
8979	2509
8979	7360
8983	7548
8989	9936
8991	6367
8991	6354
8991	316
9012	4502
9014	9288
9015	11135
9041	2563
9041	6388
9049	10496
9055	1398
9055	2806
9062	2887
9062	320
9062	3888
9072	6639
9072	1904
9072	1441
9076	4329
9076	98
9076	8932
9086	5782
9086	1615
9086	9094
9086	383
9086	855
9091	8119
9091	11720
9091	232
9109	5937
9109	9243
9109	8593
9114	4871
9117	3092
9117	9073
9120	8314
9120	2807
9120	4572
9120	8596
9120	9200
9120	928
9120	6413
9137	10778
9151	2080
9151	6770
9173	11871
9177	9822
9177	2339
9177	7770
9212	9162
9212	10937
9216	11703
9216	1351
9216	5609
9240	10616
9240	8919
9240	5551
9251	10945
9251	1464
9262	7637
9262	301
9264	11640
9264	6689
9264	11197
9264	4015
9264	11839
9269	6399
9269	10516
9276	2216
9276	11285
9279	3373
9279	8148
9291	488
9298	1723
9298	3015
9310	1532
9313	8760
9313	7489
9313	3096
9313	169
9313	6700
9315	10573
9321	5816
9328	6264
9337	5659
9337	5949
9337	10648
9337	6231
9337	8924
9337	9813
9339	8122
9339	12013
9339	10710
9341	4463
9341	1442
9346	6332
9346	11898
9346	4754
9350	3686
9350	3002
9352	3005
9357	7057
9357	4166
9357	11730
9362	1757
9362	4544
9363	9365
9363	2483
9366	3918
9373	1614
9373	7613
9373	440
9381	11252
9381	8243
9381	9377
9381	3385
9408	4246
9422	3918
9427	3878
9427	796
9431	6332
9431	11898
9431	4754
9434	4824
9434	11506
9434	10766
9434	3498
9434	5058
9434	7508
9434	3702
9434	3454
9435	10325
9451	262
9451	9649
9451	10422
9452	11314
9452	2972
9452	11385
9456	11932
9456	288
9456	9710
9460	4915
9460	6995
9460	3134
9460	7292
9460	7650
9467	6091
9467	823
9467	1096
9467	1450
9478	9529
9480	5288
9480	4964
9489	10005
9489	10561
9489	10486
9492	8860
9492	11295
9492	6852
9521	524
9521	9108
9524	1383
9524	4576
9524	3576
9524	3488
9524	985
9524	11772
9524	6238
9530	9474
9532	8735
9532	9478
9532	5023
9532	9218
9532	4674
9532	10703
9546	5421
9546	8655
9546	1970
9546	8892
9546	10039
9546	3087
9546	8987
9546	2261
9582	7084
9593	8257
9593	4557
9599	9597
9599	8270
9619	4502
9624	7086
9624	2464
9624	11139
9624	8683
9632	1048
9632	11539
9632	2462
9632	8007
9657	7092
9664	10964
9664	8099
9669	8642
9669	11349
9669	7439
9669	9738
9670	2869
9670	8259
9679	3952
9679	11417
9679	1828
9679	11412
9681	3171
9681	3665
9700	9682
9700	1312
9700	1790
9709	7973
9709	407
9709	6338
9709	10042
9727	6712
9727	2016
9727	8050
9735	3282
9735	9736
9745	7808
9763	10430
9763	5122
9763	4793
9763	6213
9763	4088
9770	2055
9773	4063
9773	4185
9773	10226
9778	10459
9778	10301
9778	10249
9778	9201
9778	9775
9810	3102
9810	2570
9810	8195
9810	2663
9810	1837
9810	9731
9818	123
9818	3901
9828	5168
9828	332
9829	8073
9842	609
9842	9520
9842	12074
9842	11011
9845	1469
9845	10591
9865	7161
9865	6024
9877	4057
9877	7687
9877	7378
9877	6802
9878	10182
9901	12088
9902	3990
9912	9945
9912	4026
9916	4678
9932	3589
9932	3361
9932	2805
9964	6128
9974	8729
9974	187
9974	1974
9974	9756
9986	4941
9986	10222
9986	10219
9986	7099
9986	10905
9992	6914
9992	6029
9992	2675
9992	8606
9992	108
9992	1488
9994	740
9994	4044
9994	4934
10018	3272
10018	11782
10018	8185
10021	4337
10021	1765
10021	5014
10030	2268
10031	4725
10031	4963
10038	4234
10038	11628
10038	1126
10042	4306
10042	2450
10042	5969
10042	2361
10057	933
10057	8398
10057	10760
10057	7884
10058	10049
10059	3904
10059	4342
10061	1852
10061	11308
10062	6434
10062	11491
10062	11055
10062	11176
10062	4310
10062	8329
10063	8464
10063	8182
10067	175
10091	3824
10091	2010
10098	8170
10100	1286
10100	10055
10100	4147
10100	3617
10100	8029
10100	3865
10100	6727
10102	11087
10123	7549
10124	2028
10125	1063
10125	9615
10130	1300
10130	4464
10131	10708
10131	6640
10131	201
10131	2067
10145	4426
10145	3961
10145	6166
10145	6020
10145	5342
10145	2234
10145	6996
10149	4098
10149	2823
10149	7756
10149	3562
10160	9167
10160	8049
10160	6783
10181	4213
10181	8235
10181	10183
10185	7373
10185	1483
10185	8101
10187	7671
10187	3142
10192	8999
10192	3221
10198	11841
10198	2175
10198	6578
10198	12024
10198	10787
10198	7814
10198	9897
10199	8976
10202	2042
10202	4996
10202	1859
10204	2470
10204	8116
10215	10573
10220	8434
10220	10004
10220	4768
10220	8626
10221	4941
10221	10222
10221	10219
10221	7099
10221	10905
10223	9597
10223	8270
10227	6599
10227	7235
10227	8659
10241	2571
10241	9764
10241	671
10241	8496
10241	9097
10241	10240
10248	8599
10259	7883
10259	5056
10261	2392
10261	7156
10261	1393
10261	10578
10264	11343
10264	4045
10264	9475
10266	3798
10266	2802
10266	2834
10266	11162
10267	7304
10273	10570
10273	898
10273	9157
10278	8970
10278	94
10278	8376
10279	11793
10279	5148
10279	245
10281	3990
10285	6892
10285	11836
10287	10159
10294	2719
10303	11983
10303	11099
10303	6523
10303	6378
10319	8471
10330	10411
10330	3072
10331	3646
10331	4975
10334	3309
10334	3231
10341	4057
10341	7687
10341	7378
10341	6802
10362	435
10362	2714
10362	615
10362	2536
10362	4393
10362	3205
10362	5429
10362	424
10363	7671
10363	3142
10374	6164
10374	10023
10378	6005
10378	2813
10378	8747
10378	10146
10384	10365
10384	9026
10387	1677
10387	95
10388	2490
10388	10389
10392	588
10392	3297
10392	10874
10397	5708
10397	10200
10403	2208
10403	7108
10403	7367
10403	4446
10405	11487
10418	10883
10418	5536
10449	1889
10449	1116
10449	9852
10453	10090
10453	3812
10453	11872
10460	9607
10460	5486
10460	566
10464	11097
10464	7430
10464	10914
10498	2134
10498	2979
10498	11006
10500	9360
10500	1489
10515	8312
10515	10873
10515	2741
10515	5758
10515	4732
10515	6119
10515	995
10516	7485
10517	5162
10517	8481
10517	11694
10517	5672
10517	7667
10519	4447
10522	8872
10522	10479
10522	9186
10524	234
10524	9937
10524	5474
10524	9228
10544	3646
10544	4975
10547	1584
10547	9671
10548	188
10548	8061
10550	2881
10550	1215
10550	6442
10551	11087
10553	3834
10553	7988
10553	6112
10558	540
10561	10912
10575	10968
10575	3312
10575	12104
10575	9194
10575	3852
10580	6623
10600	4025
10600	4971
10600	1758
10600	103
10600	10748
10602	4448
10602	10695
10605	7691
10605	2778
10611	7144
10611	4236
10611	3448
10619	7335
10619	7645
10623	4267
10623	5600
10623	11798
10623	9299
10623	3774
10623	729
10623	9824
10623	9107
10623	10622
10633	447
10633	1698
10673	4312
10681	2389
10697	12062
10697	70
10697	11219
10713	4425
10713	1920
10713	10251
10727	9379
10727	5107
10757	2584
10757	1990
10757	10520
10757	6895
10762	2854
10762	3204
10781	3731
10781	51
10781	10711
10781	9560
10781	7435
10781	4722
10791	3130
10791	4841
10791	11993
10791	2544
10792	9148
10815	7161
10815	6024
10819	5457
10819	2515
10819	10272
10819	1120
10824	2637
10824	2354
10824	11861
10824	11228
10824	3078
10824	7122
10834	7291
10865	4458
10865	11646
10865	8215
10865	7832
10866	12060
10866	7170
10866	994
10881	3169
10882	1248
10882	7716
10882	7575
10882	11331
10901	1643
10901	11788
10908	5416
10908	9467
10908	7646
10908	2171
10908	966
10911	6686
10911	3278
10923	536
10923	2840
10942	6367
10942	6354
10942	316
10946	11294
10946	4634
10946	3468
10946	8128
10946	9251
10946	3956
10947	710
10951	11897
10953	685
10953	11068
10953	6581
10959	11395
10959	1015
10959	7194
10959	6124
10962	4946
10962	11800
10962	7316
10977	4519
10977	858
10977	265
10981	9176
10981	7818
10994	9822
11005	4862
11005	11004
11005	6661
11020	4417
11020	4962
11020	4193
11020	4756
11020	74
11020	1022
11025	1434
11025	2062
11025	6629
11025	6470
11025	9405
11025	10888
11027	2970
11027	3126
11027	4763
11031	11640
11031	6689
11031	11197
11031	4015
11031	11839
11041	8714
11041	4829
11041	5954
11051	1924
11051	5776
11054	1757
11054	4544
11060	4511
11060	7389
11064	8071
11067	1384
11071	6914
11071	6029
11071	2675
11071	8606
11071	108
11071	1488
11076	2846
11087	11376
11087	11763
11123	10985
11123	4017
11123	3637
11126	7046
11126	8661
11126	11610
11133	9443
11133	8637
11133	2696
11137	7517
11138	6900
11139	10654
11139	9122
11150	557
11150	11199
11150	6613
11150	10753
11155	1059
11155	9137
11157	12053
11157	2745
11158	5719
11158	1946
11165	3798
11165	2802
11165	2834
11165	11162
11172	7132
11187	2597
11187	850
11187	10437
11187	2173
11189	521
11189	5743
11191	1587
11200	4494
11200	8960
11200	229
11200	9449
11208	1683
11208	3832
11208	9844
11212	5096
11212	246
11212	6358
11213	2680
11220	9890
11220	937
11220	4155
11232	4494
11232	8960
11232	229
11232	9449
11234	7132
11240	2028
11246	1329
11246	3607
11256	11257
11261	2389
11264	6061
11264	1690
11264	11312
11269	9890
11269	937
11269	4155
11272	11043
11272	2670
11290	11956
11290	3736
11296	4131
11296	1766
11299	6838
11299	3959
11299	8513
11315	1565
11315	2094
11315	5085
11317	64
11318	3575
11327	10654
11327	9122
11333	4404
11333	11008
11365	1248
11365	7716
11365	7575
11365	11331
11373	2731
11373	9307
11373	7830
11373	1985
11373	4912
11382	4913
11382	10380
11382	1303
11382	6006
11382	1843
11382	844
11382	9745
11388	10106
11388	967
11388	6050
11397	7410
11402	9653
11402	5240
11402	10360
11402	11917
11402	8267
11414	2329
11414	739
11414	4041
11414	4336
11418	1593
11418	9689
11418	5952
11418	3566
11418	5734
11422	11423
11422	3684
11426	11983
11426	11099
11426	6523
11426	6378
11427	4139
11427	6186
11427	2559
11427	1058
11435	11897
11444	2926
11446	3256
11446	6556
11446	2713
11450	8548
11452	11357
11459	4320
11459	1274
11459	7743
11475	6900
11480	11531
11499	1300
11499	4464
11501	4417
11501	4962
11501	4193
11501	4756
11501	74
11501	1022
11502	4006
11509	4447
11513	10450
11513	6246
11513	10491
11520	8970
11520	94
11520	8376
11532	7517
11551	5965
11551	4501
11551	452
11551	1630
11551	2655
11551	8417
11554	2429
11554	10505
11555	6859
11563	7243
11563	3188
11566	9573
11566	9659
11566	3811
11568	10467
11570	6525
11570	8084
11574	2512
11580	2378
11580	9535
11580	2583
11591	2571
11591	9764
11591	671
11591	8496
11591	9097
11591	10240
11594	2928
11595	888
11597	7735
11597	10990
11598	3947
11598	4497
11598	3349
11598	5452
11598	741
11600	11274
11601	11437
11604	10411
11604	3072
11606	250
11606	138
11608	7554
11608	6917
11611	11047
11614	9176
11614	7818
11618	968
11636	584
11636	9477
11636	5006
11648	3632
11648	4453
11648	11037
11652	11653
11652	3911
11652	10740
11652	8227
11652	7071
11652	10761
11652	7035
11661	6012
11665	4360
11665	5686
11665	8186
11665	7873
11665	11674
11665	7388
11665	11963
11673	7828
11673	8748
11676	11871
11684	5242
11692	6713
11692	5513
11692	11881
11692	934
11692	4190
11692	3348
11719	2694
11719	9009
11719	3345
11723	10528
11723	5142
11723	7254
11732	3272
11732	11782
11732	8185
11748	11810
11748	3367
11762	11043
11762	2670
11782	9183
11796	6557
11796	5397
11796	4622
11796	1032
11796	4179
11796	7820
11796	6258
11796	6200
11796	12095
11797	3947
11797	4497
11797	3349
11797	5452
11797	741
11798	1379
11798	4072
11801	10864
11801	4116
11801	7543
11801	380
11810	3365
11823	6429
11823	9101
11823	4377
11823	2057
11823	8437
11823	5511
11829	8126
11829	10393
11834	3102
11834	2570
11834	8195
11834	2663
11834	1837
11834	9731
11837	6542
11837	9042
11839	6565
11847	5309
11847	10669
11847	9971
11847	6087
11851	7890
11851	4211
11851	9217
11851	10877
11851	4282
11851	1781
11851	11856
11862	4123
11862	12037
11862	4354
11864	2509
11864	7360
11903	188
11903	8061
11906	7930
11906	6744
11906	702
11908	5895
11908	9494
11913	5549
11942	9285
11942	9905
11942	9076
11942	4316
11945	2719
11958	11890
11962	2970
11962	3126
11962	4763
11967	11968
11971	9024
11971	8488
11971	10784
11971	10384
11972	7973
11972	407
11972	6338
11972	10042
11974	4807
11974	7271
11974	11265
11979	10430
11979	5122
11979	4793
11979	6213
11979	4088
11984	3835
11984	11479
11987	2525
11987	3376
11991	7019
11991	7133
11995	3130
11995	4841
11995	11993
11995	2544
11997	2269
11997	6086
11997	4608
11999	9224
11999	2253
12011	9941
12011	4690
12011	909
12011	1697
12011	4122
12011	4582
12011	11698
12016	532
12029	10717
12034	8261
12048	2928
12051	7549
12052	8803
12052	5685
12064	3624
12064	3520
12064	11201
12065	2296
12065	2054
12065	6487
12068	6113
12068	10732
12068	1612
12068	9618
12068	9664
12068	11239
12072	1536
12072	3168
12076	9607
12076	5486
12076	566
12079	1532
12084	7084
12093	10821
12093	6656
12099	8508
12099	1714
12099	9696
12099	8915
12102	5343
12102	6344
12102	3459
12102	7710
12106	1180
12111	6360
12111	8204
12111	11335
