1	8197
3	4086
5	7212
8	1693
15	896
16	1334
26	1570
28	5586
46	2052
51	9521
65	2237
66	10500
69	2144
72	10461
74	587
77	10059
86	4601
91	7099
96	7064
108	6857
110	2178
124	10881
130	5570
144	4854
144	4269
158	6438
171	9337
191	9363
204	485
209	11652
210	10160
242	8393
244	10619
248	7467
256	8854
260	9137
263	5760
268	11551
269	5292
281	503
293	1348
295	9845
300	4389
302	8432
303	11748
305	12102
306	9359
314	10100
330	2416
353	5787
356	2109
365	5022
373	10678
374	10374
389	8374
420	8703
425	7910
430	2629
434	2158
443	9828
446	10946
449	2933
454	1272
460	9530
467	2037
473	7303
478	3918
479	10977
480	5646
483	1645
484	2748
485	204
488	10074
492	6998
494	10547
503	281
508	5584
512	6030
515	6232
531	8135
546	3972
549	7052
557	9054
561	9770
564	6967
574	7288
575	8247
576	10757
579	5087
587	74
588	11563
589	4849
593	6752
598	8425
599	10362
610	2083
624	6970
632	4602
643	8786
648	2552
655	2630
656	3467
665	11851
670	11030
671	7827
683	7455
686	4730
690	9818
698	11005
703	6435
720	8780
734	2854
760	1347
767	5472
771	10091
782	4183
795	9427
798	7374
820	3110
826	1084
827	7688
836	8037
841	1807
843	3392
845	10947
873	10792
875	8594
885	4661
896	15
902	8557
911	4489
947	11189
952	6981
953	4460
963	11618
964	6696
975	6707
979	4242
989	12034
990	6786
992	11555
1019	4656
1026	1343
1027	4129
1029	1207
1039	4223
1058	6527
1084	826
1102	10149
1103	4198
1108	5417
1117	4546
1123	11315
1134	6697
1143	1362
1144	1884
1148	4728
1156	3373
1164	2412
1175	11723
1182	12106
1184	2086
1187	1697
1188	4264
1196	10204
1202	6792
1207	1029
1216	11212
1229	11187
1234	4423
1256	9251
1258	2574
1260	3950
1264	10701
1272	454
1279	3116
1280	5284
1285	2662
1288	8773
1293	4831
1298	10524
1302	5243
1304	7325
1324	3666
1325	6230
1334	16
1343	1026
1347	760
1348	293
1362	1143
1389	4170
1394	2874
1398	8446
1400	8231
1401	5218
1403	8784
1407	9829
1413	4259
1425	11798
1442	5922
1458	6452
1466	1478
1469	4654
1476	7611
1478	1466
1486	1797
1487	8029
1493	11264
1511	3995
1526	11906
1529	4865
1537	10285
1539	6913
1545	6103
1567	4802
1570	26
1594	2488
1595	7060
1599	3644
1606	11606
1615	2152
1634	10713
1640	7427
1645	483
1646	11502
1649	5328
1650	6990
1652	8345
1657	8821
1659	3762
1663	9291
1689	6710
1693	8
1697	1187
1710	7900
1711	9700
1713	9091
1720	1866
1721	8823
1726	6236
1729	10517
1734	8824
1739	2190
1752	8454
1769	7364
1783	2334
1783	2815
1797	1486
1807	841
1819	6138
1836	9357
1845	7247
1845	7758
1858	4548
1861	3790
1866	1720
1872	8589
1882	10449
1884	1144
1890	11974
1898	8298
1918	8427
1929	9632
1930	11155
1943	11317
1953	6315
1964	12068
1968	2945
1974	9049
1985	3083
1999	6844
2002	9669
2007	4323
2008	10267
2008	3724
2019	10516
2021	2404
2022	2696
2026	7625
2037	467
2052	46
2058	6772
2063	8642
2071	5165
2075	10522
2083	610
2086	1184
2090	4142
2101	10273
2102	4974
2109	356
2144	69
2148	8815
2150	3032
2152	1615
2155	8302
2158	434
2163	2271
2168	7928
2177	11648
2178	110
2190	1739
2193	10145
2208	9842
2214	8079
2234	3179
2237	65
2250	7377
2251	4764
2259	11213
2260	3674
2265	9164
2266	10777
2271	2163
2275	11673
2281	9974
2282	2780
2284	8853
2293	10383
2303	8762
2307	8962
2312	5458
2319	7872
2334	2815
2334	1783
2336	4527
2351	3920
2369	3928
2377	10031
2378	9151
2379	12099
2384	4857
2396	4893
2397	8777
2401	3841
2404	2021
2412	1164
2416	330
2419	5715
2420	11661
2424	6362
2426	10994
2445	6078
2460	8935
2474	11382
2475	8588
2488	1594
2522	5569
2531	6182
2534	6208
2540	9460
2552	648
2553	10602
2574	1258
2584	3523
2586	2876
2589	3955
2592	6821
2605	11041
2606	11158
2620	10697
2625	3840
2629	430
2630	655
2654	3985
2655	11450
2662	1285
2663	3930
2665	10464
2676	3535
2685	8522
2688	5902
2696	2022
2697	7432
2711	6902
2719	6502
2745	4655
2748	484
2751	10575
2754	11414
2766	9489
2767	10580
2780	2282
2797	9062
2798	3184
2812	3279
2815	2334
2815	1783
2830	9780
2831	11459
2834	3237
2841	6787
2845	11452
2847	7257
2851	4442
2854	734
2874	1394
2875	5914
2876	2586
2886	5980
2913	9174
2925	9855
2933	449
2937	4022
2945	1968
2954	8695
2964	10192
2970	11067
2974	8552
2977	8641
2983	7638
2994	8001
3026	10911
3029	9655
3032	2150
3071	8383
3074	3545
3083	1985
3090	5124
3097	12052
3104	4126
3110	820
3112	5675
3116	1279
3128	3254
3131	8806
3144	9624
3145	7543
3148	8156
3163	5445
3179	2234
3180	11312
3182	5442
3184	2798
3201	5926
3202	5889
3215	9467
3236	6626
3237	2834
3244	8311
3254	3128
3265	3571
3276	11847
3279	2812
3280	5052
3282	9222
3285	3561
3293	5126
3295	5805
3296	9338
3322	4586
3339	4591
3357	8070
3364	7873
3373	1156
3392	843
3396	5110
3397	10462
3400	3634
3409	11958
3411	3563
3415	4921
3421	9352
3422	4837
3467	656
3485	8235
3508	8924
3523	2584
3525	5178
3526	11318
3535	2676
3545	3074
3547	4049
3555	8262
3557	5662
3558	3619
3561	3285
3563	3411
3571	3265
3574	4959
3584	10748
3590	6137
3592	5189
3594	10405
3598	6603
3604	7323
3605	5477
3610	10363
3610	10187
3619	3558
3621	5874
3626	12064
3628	8245
3630	11444
3634	3400
3644	1599
3655	9524
3666	1324
3674	2260
3676	6810
3695	8229
3705	5472
3705	767
3724	10267
3738	8658
3757	7944
3762	1659
3790	1861
3799	4476
3801	7620
3804	4671
3808	5842
3816	8687
3825	6572
3833	10334
3839	5796
3840	2625
3841	2401
3848	4528
3858	7663
3866	8595
3903	5739
3918	478
3920	2351
3926	11191
3928	2369
3930	2663
3950	1260
3955	2589
3972	546
3985	2654
3995	1511
4006	7929
4013	4740
4014	4352
4022	2937
4029	5101
4034	6974
4039	11597
4041	8123
4048	11837
4049	3547
4050	7807
4053	12011
4059	11256
4065	9321
4068	8886
4074	10202
4086	3
4087	7094
4094	8567
4102	6397
4104	7784
4108	10057
4114	8098
4126	3104
4129	1027
4142	2090
4161	12004
4166	10098
4170	1389
4183	782
4186	7398
4198	1103
4208	4394
4210	4835
4216	7336
4223	1039
4225	11987
4240	9664
4242	979
4244	11514
4251	10673
4259	1413
4264	1188
4269	4854
4279	9109
4323	2007
4325	12103
4327	9657
4337	11600
4352	4014
4365	11076
4378	11823
4389	300
4390	5915
4394	4208
4401	4707
4423	1234
4431	7670
4438	10908
4442	2851
4460	953
4476	3799
4489	911
4509	6734
4512	10387
4526	5709
4527	2336
4528	3848
4546	1117
4548	1858
4553	6905
4586	3322
4588	8750
4591	3339
4598	6835
4601	86
4602	632
4612	8320
4628	6037
4636	10403
4644	6044
4654	1469
4655	2745
4656	1019
4661	885
4667	7249
4671	3804
4700	9696
4707	4401
4718	5247
4728	1148
4730	686
4732	5339
4735	7898
4740	4013
4745	11299
4764	2251
4789	10198
4797	10131
4802	1567
4808	11601
4818	8239
4825	7309
4831	1293
4835	4210
4837	3422
4845	5206
4849	589
4854	4269
4857	2384
4861	11611
4865	1529
4868	10824
4870	5119
4876	5018
4877	5436
4893	2396
4894	8799
4907	6318
4910	11427
4918	9480
4921	3415
4929	11422
4938	9328
4943	9532
4944	7636
4956	6687
4959	3574
4970	8426
4974	2102
5008	11636
5018	4876
5022	365
5025	10021
5026	8761
5034	10498
5047	9434
5052	3280
5057	7013
5071	7496
5087	579
5097	7631
5101	4029
5104	8410
5110	3396
5119	4870
5124	3090
5126	3293
5134	10227
5143	12029
5155	7733
5165	2071
5178	3525
5180	11566
5188	9339
5189	3592
5194	7254
5206	4845
5209	10901
5218	1401
5224	10378
5238	9546
5241	7164
5243	1302
5244	6955
5247	4718
5248	10762
5249	8989
5281	11333
5284	1280
5285	9045
5292	269
5299	7237
5316	10589
5328	1649
5339	4732
5343	11126
5358	11060
5369	9778
5370	6334
5373	10727
5381	9932
5410	7886
5417	1108
5430	9072
5436	4877
5437	8121
5440	11133
5442	3182
5445	3163
5454	10558
5458	2312
5472	767
5476	8672
5477	3605
5496	5249
5496	8989
5505	10287
5509	11692
5522	11782
5544	7048
5548	9681
5569	2522
5570	130
5571	6637
5575	10829
5576	6938
5584	508
5586	28
5591	11971
5606	7037
5614	8326
5621	12072
5624	11568
5643	6066
5646	480
5662	3557
5669	7061
5675	3112
5677	6447
5696	8766
5709	4526
5711	6773
5712	9086
5715	2419
5731	11908
5736	6200
5739	3903
5745	8928
5751	8900
5760	263
5763	6446
5766	9396
5787	353
5796	3839
5805	3295
5823	8568
5824	7414
5842	3808
5864	11999
5874	3621
5875	6260
5880	9435
5889	3202
5902	2688
5914	2875
5915	4390
5922	1442
5926	3201
5945	9994
5957	7606
5980	2886
6003	10453
6011	10519
6011	11509
6024	11051
6026	9550
6030	512
6037	4628
6044	4644
6048	10953
6051	10611
6054	10042
6058	9916
6064	7222
6066	5643
6078	2445
6100	11796
6103	1545
6109	11170
6137	3590
6138	1819
6140	6658
6142	9341
6155	11967
6178	8006
6180	10600
6182	2531
6200	5736
6206	7422
6208	2534
6211	11719
6213	11570
6222	7230
6225	8288
6230	1325
6232	515
6236	1726
6254	12085
6257	10279
6260	5875
6268	9492
6307	9773
6311	6368
6315	1953
6318	4907
6326	7077
6334	5370
6345	9298
6348	6383
6362	2424
6368	6311
6376	7768
6383	6348
6389	11862
6397	4102
6398	11246
6414	11574
6418	10248
6433	10923
6435	703
6438	158
6440	10550
6446	5763
6447	5677
6452	1458
6469	11025
6479	10058
6487	8944
6502	2719
6504	11460
6505	9212
6507	10259
6524	6536
6527	1058
6534	8068
6536	6524
6542	12093
6549	7477
6558	11446
6560	9762
6561	11464
6572	3825
6584	7970
6597	8494
6603	3598
6614	11813
6615	10515
6622	11208
6626	3236
6633	6977
6637	5571
6646	6667
6648	7278
6658	6140
6659	8751
6667	6646
6678	9964
6687	4956
6692	7129
6696	964
6697	1134
6702	11913
6707	975
6710	1689
6717	9912
6730	10418
6734	4509
6739	10819
6742	9670
6752	593
6763	8408
6772	2058
6773	5711
6786	990
6787	2841
6789	6921
6792	1202
6799	11684
6806	10392
6810	3676
6821	2592
6835	4598
6844	1999
6850	8835
6857	108
6859	11557
6862	7163
6865	11580
6902	2711
6905	4553
6913	1539
6915	11053
6921	6789
6938	5576
6951	10181
6955	5244
6966	10185
6967	564
6970	624
6974	4034
6977	6633
6981	952
6987	7353
6990	1650
6998	492
7013	5057
7037	5606
7042	10896
7047	9009
7048	5544
7052	549
7060	1595
7061	5669
7064	96
7072	10983
7077	6326
7094	4087
7099	91
7114	10384
7120	7932
7129	6692
7137	10319
7142	7776
7154	9313
7163	6862
7164	5241
7170	10868
7191	9679
7193	7734
7211	11397
7212	5
7222	6064
7230	6222
7237	5299
7244	8395
7247	7758
7249	4667
7254	5194
7257	2847
7278	6648
7283	11388
7286	10781
7288	574
7303	473
7309	4825
7323	3604
7325	1304
7336	4216
7353	6987
7356	9727
7364	1769
7372	8616
7374	798
7376	7961
7377	2250
7386	11665
7395	11123
7398	4186
7404	10062
7409	7465
7414	5824
7420	8912
7422	6206
7427	1640
7428	7457
7432	2697
7455	683
7456	11290
7457	7428
7463	8819
7464	8524
7465	7409
7467	248
7476	11595
7477	6549
7479	10220
7481	9269
7490	10959
7496	5071
7505	11087
7506	9901
7522	9041
7530	10264
7543	3145
7545	8983
7556	11608
7558	11984
7574	10397
7606	5957
7611	1476
7620	3801
7624	11157
7625	2026
7631	5097
7636	4944
7638	2983
7639	11064
7653	10125
7654	11150
7661	11554
7663	3858
7665	8926
7670	4431
7674	10030
7688	827
7699	8138
7705	9735
7733	5155
7734	7193
7740	10962
7758	7247
7763	11801
7768	6376
7776	7142
7784	4104
7805	8110
7807	4050
7827	671
7840	10063
7842	10038
7858	9262
7865	9456
7872	2319
7873	3364
7874	10553
7884	9452
7886	5410
7898	4735
7900	1710
7910	425
7911	8276
7928	2168
7929	4006
7932	7120
7944	3757
7961	7376
7968	9240
7970	6584
8001	2994
8006	6178
8024	11839
8029	1487
8037	836
8038	9015
8041	8756
8043	10261
8053	11991
8068	6534
8070	3357
8079	2214
8085	11829
8088	9216
8098	4114
8110	7805
8121	5437
8123	4041
8135	531
8138	7699
8150	9878
8152	9279
8156	3148
8163	10061
8190	9381
8197	1
8198	9451
8208	8980
8215	10834
8229	3695
8231	1400
8235	3485
8239	4818
8245	3628
8247	575
8256	10917
8258	10633
8262	3555
8276	7911
8281	11373
8286	9350
8288	6225
8293	12065
8298	1898
8302	2155
8311	3244
8317	9120
8320	4612
8326	5614
8329	9593
8333	9408
8345	1652
8374	389
8375	11296
8378	11418
8383	3071
8393	242
8395	7244
8406	11402
8408	6763
8410	5104
8425	598
8426	4970
8427	1918
8432	302
8435	9276
8437	10175
8446	1398
8454	1752
8457	8866
8494	6597
8498	11942
8499	9055
8522	2685
8523	10623
8524	7464
8525	9114
8528	9117
8552	2974
8557	902
8567	4094
8568	5823
8588	2475
8589	1872
8594	875
8595	3866
8616	7372
8620	9596
8633	10865
8640	8918
8641	2977
8642	2063
8658	3738
8672	5476
8685	10388
8687	3816
8691	11513
8695	2954
8703	420
8750	4588
8751	6659
8755	9745
8756	8041
8761	5026
8762	2303
8766	5696
8773	1288
8777	2397
8780	720
8784	1403
8786	643
8799	4894
8806	3131
8815	2148
8819	7463
8821	1657
8823	1721
8824	1734
8835	6850
8853	2284
8854	256
8866	8457
8886	4068
8900	5751
8912	7420
8914	9478
8918	8640
8924	3508
8926	7665
8928	5745
8929	10866
8935	2460
8944	6487
8957	12111
8962	2307
8971	11038
8979	11864
8980	8208
8983	7545
8989	5249
8991	10942
9009	7047
9012	9619
9015	8038
9041	7522
9045	5285
9049	1974
9054	557
9055	8499
9062	2797
9072	5430
9086	5712
9091	1713
9105	9110
9109	4279
9110	9105
9114	8525
9117	8528
9120	8317
9137	260
9151	2378
9164	2265
9173	11676
9174	2913
9177	2426
9177	10994
9212	6505
9216	8088
9222	3282
9240	7968
9251	1256
9262	7858
9264	11031
9269	7481
9276	8435
9279	8152
9291	1663
9298	6345
9310	12079
9313	7154
9315	10215
9321	4065
9328	4938
9337	171
9338	3296
9339	5188
9341	6142
9346	9431
9350	8286
9352	3421
9357	1836
9359	306
9362	11054
9363	191
9366	9422
9381	8190
9396	5766
9408	8333
9422	9366
9427	795
9431	9346
9434	5047
9435	5880
9451	8198
9452	7884
9456	7865
9460	2540
9467	3215
9478	8914
9480	4918
9489	2766
9492	6268
9521	51
9524	3655
9530	460
9532	4943
9546	5238
9550	6026
9582	12084
9586	9843
9593	8329
9596	8620
9599	10223
9607	11062
9619	9012
9624	3144
9632	1929
9655	3029
9657	4327
9664	4240
9669	2002
9670	6742
9679	7191
9681	5548
9696	4700
9700	1711
9709	11972
9727	7356
9735	7705
9745	8755
9762	6560
9763	11979
9770	561
9773	6307
9778	5369
9780	2830
9810	11834
9818	690
9828	443
9829	1407
9842	2208
9843	9586
9845	295
9855	2925
9865	10815
9877	10341
9878	8150
9899	12066
9901	7506
9902	10281
9912	6717
9916	6058
9932	5381
9964	6678
9974	2281
9986	10221
9992	11071
9994	5945
10018	11732
10021	5025
10030	7674
10031	2377
10038	7842
10042	6054
10057	4108
10058	6479
10059	77
10061	8163
10062	7404
10063	7840
10074	488
10091	771
10098	4166
10100	314
10102	10551
10123	12051
10124	11240
10125	7653
10130	11499
10131	4797
10145	2193
10149	1102
10160	210
10175	8437
10181	6951
10185	6966
10187	3610
10192	2964
10198	4789
10202	4074
10204	1196
10215	9315
10220	7479
10221	9986
10223	9599
10227	5134
10241	11591
10248	6418
10259	6507
10261	8043
10264	7530
10266	11165
10267	3724
10273	2101
10278	11520
10279	6257
10281	9902
10285	1537
10287	5505
10294	11945
10303	11426
10319	7137
10330	11604
10331	10544
10334	3833
10341	9877
10362	599
10363	3610
10374	374
10378	5224
10383	2293
10384	7114
10387	4512
10388	8685
10392	6806
10397	7574
10403	4636
10405	3594
10418	6730
10449	1882
10453	6003
10460	12076
10461	72
10462	3397
10464	2665
10498	5034
10500	66
10515	6615
10516	2019
10517	1729
10519	11509
10522	2075
10524	1298
10544	10331
10547	494
10548	11903
10550	6440
10551	10102
10553	7874
10558	5454
10575	2751
10580	2767
10589	5316
10596	11977
10600	6180
10602	2553
10611	6051
10619	244
10623	8523
10633	8258
10673	4251
10678	373
10681	11261
10697	2620
10701	1264
10713	1634
10727	5373
10748	3584
10757	576
10762	5248
10777	2266
10781	7286
10791	11995
10792	873
10815	9865
10819	6739
10824	4868
10829	5575
10834	8215
10865	8633
10866	8929
10868	7170
10881	124
10882	11365
10896	7042
10901	5209
10908	4438
10911	3026
10917	8256
10923	6433
10942	8991
10946	446
10947	845
10951	11435
10953	6048
10959	7490
10962	7740
10977	479
10981	11614
10983	7072
10994	2426
11005	698
11020	11501
11025	6469
11027	11962
11030	670
11031	9264
11038	8971
11041	2605
11051	6024
11053	6915
11054	9362
11060	5358
11062	9607
11064	7639
11067	2970
11071	9992
11076	4365
11087	7505
11123	7395
11126	5343
11133	5440
11137	11532
11138	11475
11139	11327
11150	7654
11155	1930
11157	7624
11158	2606
11165	10266
11170	6109
11172	11234
11187	1229
11189	947
11191	3926
11200	11232
11208	6622
11212	1216
11213	2259
11220	11269
11232	11200
11234	11172
11240	10124
11246	6398
11256	4059
11261	10681
11264	1493
11269	11220
11272	11762
11290	7456
11296	8375
11299	4745
11312	3180
11315	1123
11317	1943
11318	3526
11327	11139
11333	5281
11365	10882
11373	8281
11382	2474
11388	7283
11397	7211
11402	8406
11414	2754
11418	8378
11422	4929
11426	10303
11427	4910
11435	10951
11444	3630
11446	6558
11450	2655
11452	2845
11459	2831
11460	6504
11464	6561
11475	11138
11499	10130
11501	11020
11502	1646
11509	10519
11513	8691
11514	4244
11519	11879
11520	10278
11532	11137
11551	268
11554	7661
11555	992
11557	6859
11563	588
11566	5180
11568	5624
11570	6213
11574	6414
11580	6865
11591	10241
11594	12048
11595	7476
11597	4039
11598	11797
11600	4337
11601	4808
11604	10330
11606	1606
11608	7556
11611	4861
11614	10981
11618	963
11636	5008
11648	2177
11652	209
11661	2420
11665	7386
11673	2275
11676	9173
11684	6799
11692	5509
11719	6211
11723	1175
11732	10018
11748	303
11762	11272
11782	5522
11796	6100
11797	11598
11798	1425
11801	7763
11813	6614
11823	4378
11829	8085
11834	9810
11837	4048
11839	8024
11847	3276
11851	665
11862	6389
11864	8979
11879	11519
11903	10548
11906	1526
11908	5731
11913	6702
11942	8498
11945	10294
11958	3409
11962	11027
11967	6155
11971	5591
11972	9709
11974	1890
11977	10596
11979	9763
11984	7558
11987	4225
11991	8053
11995	10791
11999	5864
12004	4161
12011	4053
12029	5143
12034	989
12048	11594
12051	10123
12052	3097
12064	3626
12065	8293
12066	9899
12068	1964
12072	5621
12076	10460
12079	9310
12084	9582
12085	6254
12093	6542
12099	2379
12102	305
12103	4325
12106	1182
12111	8957
